[0, 0, 0, 0, 0]
[-28.65411489 -28.59443563 -27.66456302 -28.5547083  -28.79434191]
[0, 0, 0, 0, 0]
[-27.26670267 -29.32014022 -27.79457576 -29.20101776 -29.89884804]
[0, 0, 0, 0, 0]
[-25.79781539 -25.7584281  -26.02634433 -24.74989369 -26.9311187 ]
[0, 0, 0, 0, 0]
[-25.52169305 -26.69850422 -25.72375822 -25.15086034 -28.05535722]
[0, 0, 0, 0, 0]
[-27.45394396 -26.64237163 -26.95535685 -26.95760497 -25.28959719]
[-28.81834857 -29.05349551 -27.86409028 -28.36256004 -27.77660709]
[-30.46062933 -28.38650277 -29.11203334 -29.14503414 -27.77019523]
[-28.45370425 -30.3814578  -29.52290222 -28.34981076 -29.59668116]
[-29.70619812 -28.7122388  -29.58313987 -29.38694389 -27.83115207]
[-28.75861903 -30.27318377 -28.76160782 -27.37307775 -29.20588195]
[-28.95538335 -29.10357217 -29.25091193 -28.2677952  -29.34563033]
[-29.27477054 -30.10843513 -29.4582865  -28.86635133 -29.07419615]
[-29.72128207 -31.38679197 -30.83759938 -29.61572792 -31.03628716]
[-29.81165559 -29.49859766 -30.07088869 -30.92921471 -28.97205625]
[-30.45180181 -29.80878089 -31.06876225 -29.75359949 -28.20144611]
[-31.14718846 -31.41251709 -29.58892401 -30.6325804  -31.23411009]
[-31.83841718 -29.93092128 -30.76157191 -29.9506169  -30.08351259]
[-29.54167624 -31.26288347 -28.66412175 -30.26529661 -28.91091411]
[-30.92274688 -31.20231503 -29.43648158 -29.41567319 -28.84653   ]
[-29.5773492  -28.95850854 -29.67401754 -30.76923346 -30.34365547]
[-32.75188345 -31.9621017  -31.77021413 -33.36610884 -32.82292248]
[-31.04294905 -30.44229553 -31.40836662 -30.72846079 -29.74613649]
[-31.75974471 -31.25491486 -30.60305661 -32.60937263 -31.22509051]
[-32.33540944 -29.62381195 -31.42521566 -32.24369385 -30.48776839]
[-31.87420298 -30.4415615  -30.98118282 -30.28735311 -30.64012318]
[-33.9310073  -33.10717419 -34.92059397 -32.09951343 -33.02241946]
[-31.66028002 -31.75449964 -31.01263776 -33.2347999  -31.7424799 ]
[-32.61009926 -32.98075338 -32.25816643 -32.78855551 -31.71787799]
[-33.42991646 -31.63340252 -33.18338745 -33.38440396 -32.97701089]
[-32.73478173 -31.01104718 -31.28198124 -34.59725159 -32.16407446]
[-32.8287645  -33.40702997 -34.56165095 -34.21182469 -34.33715864]
[-32.97237924 -33.32418519 -33.82380094 -34.33325824 -32.18847002]
[-32.10875083 -32.85724959 -34.69830193 -32.30585791 -33.79272944]
[-33.90468873 -31.93951534 -33.22481159 -33.92080215 -32.71606917]
[-33.05304529 -34.19928829 -32.49160974 -33.34796043 -33.78532838]
[-122.70500308 -121.96859003 -122.28602168 -121.82239674 -122.46408585]
[-119.53317558 -120.34877885 -120.19711393 -119.59521654 -119.68265625]
[-119.53279042 -120.20600802 -119.79058037 -120.02492286 -120.60815344]
[-120.35727549 -120.93617443 -120.71317622 -120.83861514 -120.97746746]
[-125.15960146 -124.60178231 -124.96546734 -124.5023962  -125.97493067]
[-35.5372926  -34.40157188 -36.02510397 -34.12519982 -34.04406231]
[-34.9499945  -34.71373676 -34.84427072 -32.60932763 -34.62587631]
[-35.07940269 -34.43105531 -34.47308083 -34.14466784 -35.63807286]
[-33.76283972 -34.22917486 -35.79684918 -34.38250034 -32.86589674]
[-34.54288496 -35.67269609 -33.55159167 -34.03250579 -33.4871616 ]
[-36.85970623 -37.5286168  -36.61505946 -36.15000169 -37.15467448]
[-36.93717014 -36.89540151 -37.87436389 -38.67290603 -37.29881292]
[-36.89605593 -38.08582991 -37.24269153 -37.14383621 -37.19012208]
[-37.53565941 -36.99364069 -35.91041612 -35.80631727 -35.6082532 ]
[-37.12081113 -36.81689393 -37.42534966 -37.12567065 -36.22953696]
[-34.79030444 -34.09696706 -35.47384515 -34.99505901 -33.87089297]
[-35.93097858 -35.93673309 -34.36208822 -35.50506642 -34.87758878]
[-35.11135107 -33.69409395 -35.00639453 -35.04757071 -35.11799928]
[-33.82738309 -33.17350289 -34.8296958  -35.93135533 -32.14576454]
[-35.30636422 -35.29104082 -34.80605571 -33.4192719  -32.66809149]
[-168.85790507 -169.01411599 -168.95292256 -168.66284395 -168.98798341]
[-170.06240823 -170.31727815 -170.21277098 -170.27174896 -170.24478353]
[-169.26730345 -169.20961883 -169.0700759  -169.11554074 -169.07814222]
[-171.39424872 -171.58134827 -171.399337   -171.68287305 -171.71876012]
[-166.06376692 -166.29811447 -166.28981985 -166.3100915  -165.87374315]
[-32.03792662 -32.62804899 -33.43360403 -31.77807633 -34.89845218]
[-35.18205939 -35.9757617  -34.30742663 -33.50539619 -32.96837085]
[-35.4447017  -32.53822562 -33.77781831 -36.72512662 -35.43743424]
[-33.48789999 -34.88272374 -33.09017999 -35.22199213 -36.0826772 ]
[-33.47266249 -33.86005523 -35.22533132 -35.00189629 -34.93239957]
[-38.0176486  -39.07243851 -38.68573873 -38.21432723 -38.69332996]
[-37.98762779 -38.30816053 -37.80442207 -38.64513779 -38.43426946]
[-38.83772837 -38.39181022 -38.03630193 -38.22225907 -38.6725299 ]
[-38.87577184 -38.49052508 -38.14130182 -37.95215836 -39.05519298]
[-38.47279767 -38.76065534 -38.84567037 -38.56305695 -38.25593698]
[-168.69346923 -168.65001777 -168.55622747 -168.64118123 -168.5840843 ]
[-169.70228765 -169.74548505 -169.62974141 -169.51758464 -169.8033699 ]
[-167.32683014 -167.46912688 -167.17515851 -167.19081253 -167.21608574]
[-167.71618793 -168.06096153 -167.8741672  -168.03879789 -167.8770347 ]
[-170.96710523 -170.87884419 -171.10773467 -170.82739307 -170.90773066]
[-168.91494431 -168.85871846 -169.09903609 -168.90478947 -169.00726997]
[-169.40772388 -169.21623214 -168.74543724 -168.98778439 -169.07138625]
[-167.69799565 -167.53748378 -167.41277991 -167.73656129 -167.56078328]
[-168.47643445 -168.39251995 -168.44301772 -168.41741375 -168.2586414 ]
[-166.3785997  -166.63490426 -166.52428753 -166.59623285 -166.43606375]
[-32.27146724 -33.82644178 -32.78437893 -34.20236556 -35.08737679]
[-32.95300536 -35.10138559 -32.73887331 -34.37235405 -35.13676774]
[-34.62127553 -32.93704884 -34.61035965 -32.99818991 -32.85634956]
[-34.94805306 -35.11705255 -32.31815371 -34.46512935 -34.73061821]
[-33.2614004  -34.30545543 -32.89469264 -34.78439994 -36.15205688]
[-163.92343219 -164.02464437 -164.09291074 -163.91096106 -164.00525126]
[-171.91432451 -171.83639823 -172.04655792 -171.6935973  -171.82341638]
[-166.22255044 -166.15450845 -166.20051697 -165.86542468 -166.09118039]
[-167.88712954 -167.64780262 -167.60243347 -167.80281632 -167.96886581]
[-171.40815442 -171.38957948 -171.37245548 -171.35965284 -171.29786604]
[-36.41715469 -33.73402534 -34.13567072 -35.34002712 -34.71061413]
[-32.55508472 -34.72681422 -33.1943254  -35.47458646 -32.5370229 ]
[-34.19980201 -33.67919766 -33.02562264 -35.05322684 -32.28575729]
[-32.63093544 -32.65331517 -34.56454572 -35.12788    -35.22774748]
[-34.62527613 -33.76572243 -34.88184235 -34.27396091 -34.94704062]
