[0, 0, 0, 0, 0]
[-28.45884221 -27.86339923 -27.3415769  -27.59092339 -28.8946177 ]
[0, 0, 0, 0, 0]
[-26.48735517 -28.65022084 -27.64905648 -28.42961304 -29.29238228]
[0, 0, 0, 0, 0]
[-25.92177272 -26.00004603 -25.85456258 -25.23396992 -26.92740428]
[0, 0, 0, 0, 0]
[-26.05930914 -27.77130281 -26.05908159 -26.48150756 -28.24150503]
[0, 0, 0, 0, 0]
[-27.34662788 -26.38516207 -26.03130538 -26.77483468 -25.09740529]
[-28.71268657 -27.67783539 -28.11306883 -28.1319225  -27.62456736]
[-30.02780154 -28.44435101 -28.69747434 -29.29763619 -27.64108633]
[-26.96830689 -28.21398983 -28.06212703 -27.38472915 -28.17342561]
[-29.32848778 -28.31543898 -29.6947404  -28.85090889 -28.1360252 ]
[-28.85114354 -30.49369933 -27.97734158 -27.71072864 -29.23375827]
[-29.40229688 -29.44473448 -28.76312253 -28.45205036 -29.06424447]
[-28.91908651 -30.81372385 -30.01998776 -28.96650388 -29.10336502]
[-29.59712482 -31.24840726 -30.50725373 -29.85282118 -30.38012442]
[-30.22970267 -30.03776319 -30.09974641 -30.27821017 -28.5546501 ]
[-30.48004622 -29.45209194 -31.16733574 -29.3119064  -28.27130115]
