[0, 0, 0, 0, 0]
[-28.59881289 -28.69496628 -27.9503133  -28.92909285 -29.38815906]
[0, 0, 0, 0, 0]
[-26.34106061 -28.15526253 -27.43777642 -29.24830467 -28.97612773]
[0, 0, 0, 0, 0]
[-26.08851402 -26.49488349 -26.04246521 -24.99595476 -27.12311707]
[0, 0, 0, 0, 0]
[-25.61131529 -28.01818043 -25.71378385 -26.37096883 -27.99878586]
[0, 0, 0, 0, 0]
[-27.46735556 -26.45652531 -26.19010558 -27.26294005 -24.80330544]
[-28.94767138 -29.25120147 -28.01413774 -29.11863551 -27.1259963 ]
[-29.15121597 -28.50861311 -28.26662451 -28.49576423 -27.49514799]
[-27.7079683  -29.28553749 -28.76396521 -27.54507913 -29.26533902]
[-29.63726011 -29.32387799 -29.80029406 -29.93566931 -28.55899777]
[-28.98916803 -30.01739872 -27.48470338 -27.24535442 -28.33781317]
[-28.80800393 -29.03941087 -29.02218216 -28.60872287 -29.92887259]
[-27.68616992 -29.45571644 -28.71313736 -28.38101575 -28.60096227]
[-29.4834817  -31.32816777 -30.79081282 -30.24454885 -30.90802725]
