[0, 0, 0, 0, 0]
[-28.75461519 -28.67332396 -27.30182911 -28.46240379 -29.51218776]
[0, 0, 0, 0, 0]
[-26.64869794 -29.08659794 -27.98669406 -28.92428724 -29.18017265]
[0, 0, 0, 0, 0]
[-26.04366405 -26.17006802 -25.51611579 -24.68314779 -26.79836233]
[0, 0, 0, 0, 0]
[-26.20697935 -28.17082577 -26.67573548 -26.76654801 -28.46644874]
[0, 0, 0, 0, 0]
[-26.87475377 -26.73913204 -26.56975063 -26.78533065 -25.11701106]
[-28.45976125 -27.93645156 -27.52938358 -28.63000649 -27.44446806]
[-30.30595218 -29.02423988 -28.87339653 -29.66002147 -27.83987777]
[-28.0085406  -29.28874913 -29.36066968 -28.53023371 -29.59693439]
[-29.67093445 -28.94148562 -29.98085667 -29.21907373 -28.36242693]
[-28.64144304 -29.38005777 -28.34359793 -26.99658839 -28.69118616]
[-28.74095674 -28.50029382 -28.8850749  -28.77946645 -29.45287649]
[-28.4031089  -29.90488684 -29.29411198 -28.41653035 -28.19005723]
[-29.77213094 -30.82238584 -31.32637475 -29.80173805 -30.61552737]
[-30.09158507 -29.66814528 -29.02804928 -30.29835568 -27.80139913]
[-30.24091001 -29.59703132 -31.22857124 -29.49852161 -27.87491137]
[-31.25845012 -31.31960491 -29.39686387 -31.28528087 -30.33830539]
[-31.25620427 -28.76695579 -30.91824188 -30.26927767 -29.47653913]
[-29.93401728 -30.79019794 -28.83015532 -30.85215751 -29.65623685]
[-31.76531115 -31.70850024 -30.19889525 -29.95112923 -30.19989662]
[-29.34723615 -28.68326005 -29.89845832 -30.09450118 -30.12127486]
[-32.54702365 -31.48423797 -31.49663398 -33.49301701 -33.77412334]
[-31.56702004 -30.79921741 -31.80274266 -30.49922744 -30.65814967]
[-32.37917879 -31.81218278 -31.81318583 -31.64263063 -32.10050627]
[-33.04237748 -30.41932142 -31.40970037 -31.78550646 -32.43112906]
[-31.85835601 -30.31901312 -31.61487713 -30.97712962 -30.84954163]
[-33.24988546 -32.91229018 -34.06579632 -30.60560287 -32.68131194]
[-31.4804879  -32.32755695 -31.69720864 -33.78111603 -32.86167028]
[-32.07556477 -32.14076414 -31.89922946 -33.08385276 -32.0828567 ]
[-33.81482615 -32.57327613 -33.38184712 -33.9830999  -33.23971404]
[-31.94038078 -30.25742874 -32.22349669 -33.17124542 -32.21328333]
[-34.82296042 -33.62842694 -33.05845362 -33.53168983 -35.22206753]
[-32.9133492  -32.42311304 -31.80576151 -33.48388757 -32.10322262]
[-32.22740115 -33.87894984 -31.92213453 -32.21115047 -32.73739963]
[-31.50118883 -34.90370736 -34.91515122 -32.96585598 -34.26498002]
[-34.01947374 -34.82005431 -32.42892909 -33.20602884 -32.53127794]
[-33.35286481 -33.28646845 -34.66284277 -33.47566871 -33.20103717]
[-33.22825013 -35.46192921 -34.53816393 -34.33425316 -34.46647745]
[-34.68206469 -34.18367778 -34.5435398  -32.23067727 -34.70543276]
[-31.76533964 -33.81574817 -33.76247152 -33.09672124 -33.0310561 ]
[-33.36297482 -33.47711323 -32.81106501 -33.32370632 -34.94237219]
[-36.0213822  -35.01257103 -34.87280691 -37.09642673 -37.22153592]
[-36.79167697 -34.45939109 -36.8343615  -35.5535151  -36.50638462]
[-34.94556857 -35.93238052 -36.15278885 -36.75001192 -36.81554058]
[-35.00653157 -34.97965355 -35.03979701 -34.93090078 -35.25951881]
[-35.6676303  -35.55265863 -34.74242752 -34.63234262 -35.89146671]
[-36.18299389 -37.33586693 -37.07866705 -36.90639041 -36.29030243]
[-36.78516584 -37.83853708 -38.04607177 -38.89012848 -37.01172588]
[-37.03272398 -37.52007686 -37.33071153 -36.82833446 -37.24353299]
[-36.4870046  -36.8499687  -36.25980238 -36.83462444 -35.3999334 ]
[-37.02545631 -36.36150951 -37.12335155 -36.11331544 -36.11075253]
[-37.47385863 -37.18682849 -37.99429571 -37.68178585 -37.87663883]
[-38.88130499 -37.78686111 -37.48936714 -38.78327006 -38.3083303 ]
[-37.98535703 -37.35627422 -38.90357318 -37.99403605 -37.96872218]
[-37.61582493 -36.49169049 -37.46664185 -38.67069093 -37.28815831]
[-37.98575336 -39.11125755 -37.97919591 -38.32115113 -37.92967068]
[-94.48585239 -94.63724467 -94.03751213 -94.80825538 -94.05385571]
[-98.96403187 -97.94022952 -98.16668996 -98.87824916 -98.22432497]
[-89.07408523 -88.89460145 -89.41299719 -89.12490591 -88.77763267]
[-91.75697341 -91.52958235 -91.10463195 -92.13553078 -91.51121179]
[-92.85347554 -92.41771783 -92.78472653 -92.23718436 -92.11950263]
[-168.40260687 -168.41688383 -168.42203919 -168.36000892 -168.52382389]
[-166.16332681 -166.28655651 -166.69492014 -166.32775848 -166.52582804]
[-164.0964966  -164.11320842 -163.82831111 -164.31121671 -163.75147218]
[-169.46629376 -169.55526493 -169.47667864 -169.38838185 -169.42151657]
[-171.09485113 -170.90135118 -171.1473014  -170.89053293 -171.01151485]
[-169.0893489  -169.05437324 -169.06072483 -169.08767116 -169.13925909]
[-167.46664611 -167.81038127 -167.9705363  -167.91949501 -167.83140928]
[-169.60252693 -169.55077529 -169.66402228 -169.71568099 -169.58530619]
[-165.21456803 -165.3955886  -165.2916359  -165.36956758 -165.23713239]
[-167.24440465 -167.65330098 -167.47814558 -167.43038298 -167.4131806 ]
[-54.14842157 -53.72077397 -53.09481739 -52.55973512 -52.77684912]
[-51.32164737 -51.15495015 -50.16058533 -51.01085201 -49.57209069]
[-52.17563179 -52.4664175  -52.59979835 -52.92322533 -52.78061146]
[-52.78205818 -53.05520055 -52.17419085 -52.64078466 -52.8238356 ]
[-52.48302885 -52.02730969 -52.51755328 -53.27871259 -51.9349459 ]
[-52.3960343  -52.61087398 -52.97291653 -53.10709222 -52.43365101]
[-54.14558181 -53.99330294 -53.624977   -53.46025245 -54.28951319]
[-52.68258025 -53.03875828 -52.96747937 -53.15580373 -52.4777037 ]
[-53.23758813 -53.47788513 -52.45110426 -53.4971714  -53.20000764]
[-53.56819488 -53.89684057 -53.94419563 -53.3875193  -53.42746321]
[-63.22959243 -63.88811597 -64.05158799 -62.96409351 -63.22093687]
[-62.16399067 -62.23641583 -62.16621192 -61.27731621 -61.54512167]
[-63.99918952 -63.93504299 -63.07149232 -64.27859063 -63.3807089 ]
[-61.50832919 -60.94772322 -61.03532264 -61.21713813 -62.11416721]
[-63.41026145 -63.1902455  -63.40107712 -64.34630842 -63.33427281]
[-71.74353791 -71.37331713 -71.03965877 -70.28110202 -71.8193622 ]
[-74.01003258 -73.10895882 -74.14309575 -73.84600722 -74.00597159]
[-70.30322435 -69.40066075 -70.77814943 -69.02967796 -71.00810868]
[-70.17483927 -70.14803363 -70.49162589 -70.84828101 -70.31284079]
[-73.04994908 -73.71505472 -72.51715696 -72.33400008 -73.23427446]
[-70.5056883  -70.05341241 -69.82091357 -69.23234763 -69.55479954]
[-72.37748725 -72.49585127 -72.35126802 -72.24000183 -72.36033995]
[-72.43258532 -72.70193072 -72.14815984 -72.91666832 -72.02892818]
[-72.11381063 -72.09164519 -71.46074729 -72.17928863 -71.94472931]
[-70.91523441 -71.36085194 -70.88606776 -69.90543377 -69.83550214]
[-83.32690125 -83.38560323 -83.9043442  -83.51680681 -83.67937219]
[-85.95697482 -85.7073122  -85.24144178 -85.34042444 -85.50013326]
[-84.69007076 -84.64209264 -84.86994379 -84.58709436 -83.85141124]
[-85.8319948  -85.5339851  -85.11795147 -86.12156485 -84.83998756]
[-81.28383806 -80.81970941 -80.78359416 -80.89922472 -81.2074615 ]
