[0, 0, 0, 0, 0]
[-28.90740094 -28.6769962  -27.69587102 -28.31066589 -29.23489525]
[0, 0, 0, 0, 0]
[-26.68596232 -28.84099339 -27.3829648  -28.9771771  -29.29060993]
[0, 0, 0, 0, 0]
[-26.34136784 -26.18466141 -25.76879728 -25.18289871 -27.0699616 ]
[0, 0, 0, 0, 0]
[-25.52995076 -27.68167152 -25.71493329 -26.23974786 -28.0904129 ]
[0, 0, 0, 0, 0]
[-27.6646798  -26.95078454 -26.75641325 -27.13659589 -25.68542967]
[-29.42005948 -28.95866029 -27.97559314 -29.08694227 -27.61369125]
[-30.08430459 -28.7675401  -29.19217078 -29.72979536 -27.55311882]
[-27.2913146  -29.07771513 -28.40401851 -27.78309013 -28.49918962]
[-29.55738883 -29.24938857 -30.04921329 -29.48351575 -28.59234091]
[-28.75806658 -29.54505202 -28.40304248 -27.53705949 -28.57268181]
[-29.09211594 -29.01229202 -28.22903244 -29.6096371  -29.57595675]
[-28.4390721  -31.01563813 -29.77468291 -28.53068039 -29.06680449]
[-29.11707083 -31.06356959 -30.33429362 -30.42078111 -30.31065638]
[-29.34888219 -29.15550301 -29.55775058 -30.81601675 -28.46257734]
[-30.6147108  -29.33832991 -31.14623536 -29.61749267 -28.21337613]
[-30.25529222 -30.43708892 -28.93955119 -30.02825058 -30.4358296 ]
[-30.36263258 -28.16756458 -30.25418894 -29.36193665 -29.24015343]
[-30.24860787 -30.89594778 -28.9840593  -30.83623687 -28.6981473 ]
[-31.7070641  -30.78041783 -29.14321288 -30.52951155 -28.85842233]
[-29.00615931 -28.90492665 -29.39576428 -30.19346951 -30.80146338]
[-31.89279545 -31.83803849 -31.36145482 -32.53145051 -32.52586465]
[-31.96259595 -29.90610389 -32.05927035 -30.21659134 -30.50737531]
[-32.27144986 -31.28358929 -31.19329291 -32.30200508 -31.71581553]
[-33.2209481  -29.60665805 -30.99648456 -31.72459489 -30.30280844]
[-31.88564772 -29.6931836  -30.98120105 -30.26931865 -29.98933833]
[-34.17368674 -33.23117008 -34.0090668  -33.39151742 -33.54984518]
[-31.59900179 -33.64231416 -31.52080465 -33.85853576 -33.11653332]
[-32.99147341 -32.65024924 -32.54773356 -32.6622215  -31.97571619]
[-34.04961781 -32.12559865 -34.25505368 -34.03163662 -32.67753791]
[-32.58332148 -31.02026504 -32.28931723 -33.35135056 -31.56475793]
[-103.8679828  -103.59318788 -103.06922666 -103.74718801 -103.61233572]
[-101.38815516 -101.98663661 -101.58005588 -102.71074814 -101.58146426]
[-104.26256109 -104.45251201 -103.77786972 -103.80463304 -104.08933619]
[-102.99391119 -104.36871285 -104.29149508 -103.2742717  -103.50046166]
[-105.34651593 -105.77537323 -104.3818634  -104.97001246 -104.91936946]
[-34.1046209  -33.51043359 -35.61311541 -33.5076386  -34.64726791]
[-35.01424439 -36.13193521 -36.06907737 -36.42181258 -35.4914787 ]
[-34.78635574 -34.24236733 -34.42255628 -33.35054403 -34.51172014]
[-33.01535031 -34.74605999 -35.43539947 -33.76269124 -35.28569931]
[-33.81565337 -33.05334337 -33.56392679 -34.16525195 -35.1441955 ]
[-131.34308135 -130.45319225 -130.74075241 -131.50933836 -131.48776228]
[-132.2204427  -132.21899654 -132.23639943 -132.62998453 -131.67992729]
[-133.97019936 -135.76532986 -134.88228757 -135.24972416 -134.83702716]
[-133.97929186 -133.18283753 -132.75095184 -132.7070316  -133.75697333]
[-132.46722614 -132.15991783 -132.64015052 -132.85555242 -132.32542004]
[-36.87958407 -36.26794621 -35.49758405 -35.84383357 -37.0864588 ]
[-36.29232381 -37.0700221  -37.88444511 -38.03226485 -37.57033992]
[-37.15738068 -37.68011929 -36.0055769  -36.84728573 -37.29124342]
[-36.6038631  -36.3892556  -35.36209693 -37.25369332 -36.71542914]
[-37.03123696 -36.88000454 -36.11122683 -36.57322447 -36.24420807]
[-106.57691563 -104.54594569 -105.61453874 -106.39649814 -104.5094432 ]
[-106.13646358 -104.80133547 -105.34209392 -107.03143741 -106.58451208]
[-107.53282006 -107.50918028 -104.4768933  -105.71203247 -104.09805506]
[-104.84098151 -105.40416335 -102.76345729 -103.7679239  -104.02954928]
[-107.32174119 -107.3152674  -104.99186113 -106.92461688 -106.31657676]
[-151.64627978 -152.20058529 -152.65633856 -151.13109085 -152.55373774]
[-156.02478853 -157.45925332 -156.36495951 -157.3490689  -157.58538866]
[-151.38795963 -151.70827613 -151.21726084 -151.56187746 -151.38434812]
[-149.42884232 -149.39971948 -149.34804652 -149.71754831 -149.82641266]
[-152.28926953 -153.23359986 -152.50357434 -153.70746236 -152.93640556]
[-33.01821744 -36.2483445  -32.11785567 -33.43029636 -34.51872631]
[-33.20904602 -33.19154874 -35.00377666 -32.90402162 -35.42747282]
[-32.61801858 -34.14400974 -34.03070707 -33.32554631 -33.42859992]
[-33.30393875 -35.43171333 -34.01747076 -36.45876799 -31.94429813]
[-37.16165688 -32.83803684 -33.59101345 -33.57015675 -36.18684973]
[-169.86124454 -169.74178632 -169.73915438 -169.84455064 -169.97194975]
[-168.4179147  -168.54613777 -168.73451029 -168.70289849 -168.68480537]
[-166.37124543 -166.41690998 -166.55004433 -166.50062628 -166.53851422]
[-165.20687786 -165.29086418 -165.19650956 -165.21287334 -165.33477693]
[-166.72620324 -167.30651973 -166.90296099 -167.0167968  -167.00217604]
[-36.57413678 -33.04518445 -36.39021949 -34.98575064 -33.65187019]
[-36.55193152 -35.17103383 -34.31909188 -35.08037915 -34.14840636]
[-33.93356406 -36.81977756 -34.48295658 -36.30586845 -34.41810165]
[-36.11811558 -35.39786126 -31.60603055 -35.83181199 -34.16093249]
[-35.04138289 -35.30166745 -34.67870076 -32.03900784 -31.93824319]
[-36.28006674 -32.54712971 -34.26975872 -32.74124478 -34.28712576]
[-34.88091764 -34.62611703 -33.84338308 -33.20283814 -34.84254468]
[-34.18781171 -34.0138897  -33.55042521 -35.79216708 -33.05460511]
[-32.15103439 -33.92186962 -33.00042529 -33.34863382 -35.10706322]
[-34.91640853 -33.72817944 -33.41995049 -33.69248673 -36.85000015]
[-79.4402628  -78.18831145 -80.03706417 -79.12032517 -79.13663032]
[-77.23902253 -77.65285266 -77.5547813  -77.77694616 -77.31922929]
[-80.87108216 -80.32887188 -81.06038251 -80.45223269 -80.7180799 ]
[-76.78417768 -77.56458468 -77.7149985  -77.24638159 -77.71659974]
[-78.30950278 -78.22257418 -79.18751195 -78.77842443 -78.64714657]
[-169.3512694  -169.44328703 -169.46231857 -169.33993962 -169.29229777]
[-166.23269425 -166.33705612 -166.4903887  -166.22338709 -166.22510774]
[-165.73818658 -165.84730866 -165.89960419 -165.61997417 -165.73621843]
[-168.76038526 -168.41510343 -168.39178567 -168.56919714 -168.6032137 ]
[-172.72187689 -172.56585012 -172.70114037 -172.5809812  -172.50741978]
[-170.00849668 -170.02916799 -170.15595378 -170.17241426 -169.97319793]
[-171.56081333 -171.53277752 -171.59781251 -171.23017373 -171.46592688]
[-171.38735276 -171.63799053 -171.53701292 -171.49553825 -171.43166293]
[-169.90751365 -170.22394277 -169.94240988 -169.96590828 -169.87259395]
[-165.07683019 -165.16094298 -165.19715215 -165.21559883 -165.40031235]
[-49.76791689 -50.12917109 -50.71493647 -50.2723523  -49.76822268]
[-52.06312778 -51.79859086 -51.07555606 -51.33095299 -51.81881713]
[-49.6042964  -50.42270368 -51.39162249 -50.95085721 -50.68365262]
[-50.84723058 -51.05276381 -49.85204869 -50.29382301 -49.53554892]
[-50.18393192 -49.37411531 -49.25334643 -50.04278253 -49.88923438]
[-100.09083827  -98.60183728  -99.48270501 -100.40244438 -100.10543481]
[-90.96333584 -90.44167802 -90.68192809 -91.6309452  -91.0821785 ]
[-96.2056678  -96.94099377 -96.38716239 -96.78230754 -96.4458868 ]
[-92.78791276 -92.86195239 -92.40573658 -92.56353498 -92.07024053]
[-95.44114062 -95.08206406 -95.60130013 -95.16570623 -94.53924915]
[-91.58130531 -91.18884219 -91.67620567 -91.6050233  -92.60139637]
[-94.48156776 -95.66271096 -94.76073486 -95.28330384 -95.19186865]
[-93.71680229 -94.36382886 -94.1885961  -94.29726947 -93.02105813]
[-88.21631684 -89.60213271 -89.57150331 -89.20801675 -89.04372188]
[-92.04835975 -92.05546505 -91.59372681 -92.12880797 -92.18653521]
[-168.20252424 -168.05667789 -168.39862323 -168.50247343 -168.47086914]
[-172.38536802 -172.18098192 -172.44024641 -172.35769466 -172.30875148]
[-171.89662343 -172.08153736 -171.89393847 -171.83825213 -171.77082068]
[-173.88254049 -173.87411364 -173.81203287 -173.63220151 -173.66530076]
[-168.18006621 -168.39990191 -168.41266196 -168.29556477 -168.11835546]
[-170.21264649 -170.43427001 -170.3305433  -170.58599438 -170.2664108 ]
[-166.74348783 -166.84471781 -166.6106269  -166.66690098 -166.72135857]
[-170.65850057 -170.55664579 -170.79578866 -170.39905122 -170.35536183]
[-166.89723837 -166.69571554 -166.54595801 -166.67831556 -166.64079429]
[-169.78048999 -169.7989579  -170.0928559  -169.80830107 -169.77225556]
[-37.58046932 -37.35843289 -36.80772066 -37.6720641  -38.07118816]
[-38.22174283 -37.47046174 -37.32647875 -37.73516262 -37.43961828]
[-37.411111   -37.01499272 -36.59577537 -38.25770727 -37.90001821]
[-38.06265152 -37.26616467 -38.68896445 -39.03787719 -38.31916336]
[-36.99538309 -37.63725489 -38.09577635 -37.22844821 -37.26430825]
[-35.6917378  -33.42433595 -35.47243973 -35.06729743 -32.43489554]
[-33.27822481 -32.13049024 -35.53154261 -34.61510592 -33.48224368]
[-34.73304337 -33.7015071  -34.08678841 -34.31717948 -33.6666212 ]
[-34.16439044 -34.84641877 -33.07665189 -32.7008698  -35.16895169]
[-35.72094854 -34.84533254 -33.64705564 -34.78087852 -32.92858254]
[-33.81807522 -34.24255947 -32.63936135 -35.95648376 -35.97517004]
[-33.86689377 -33.77341005 -35.76209819 -34.57741567 -33.81867909]
[-35.13436232 -34.61792199 -35.5058951  -34.73923795 -35.98091189]
[-33.01634342 -33.15312276 -35.706756   -35.46926211 -33.62465845]
[-34.16264513 -35.5755806  -33.69861596 -34.06261841 -35.48413962]
[-33.27875283 -34.35741593 -35.04970371 -34.80766323 -35.66456662]
[-32.87243368 -35.67674901 -35.73019845 -34.45130866 -34.31197732]
[-35.16027802 -34.92195087 -32.37216942 -34.77942803 -33.46279437]
[-34.80324189 -32.785966   -34.7766891  -32.85852846 -35.47417517]
[-35.5991814  -34.66888391 -33.68652544 -34.14710335 -34.39395948]
[-34.29014131 -33.30877422 -36.21672052 -34.93739174 -34.36393253]
[-34.2956912  -32.98922614 -35.45441069 -36.50991405 -36.08558474]
[-33.76588424 -31.59558707 -35.69706548 -35.49579755 -32.32157092]
[-33.65250561 -32.14552682 -33.39653599 -33.21710026 -32.28110896]
[-34.78086864 -35.2664567  -32.97892871 -33.70883264 -33.05082992]
[-34.62703073 -36.20108015 -36.1523119  -34.57552734 -35.23104728]
[-32.81202669 -35.5618533  -35.03980781 -36.45023871 -35.20512327]
[-35.11004317 -35.78827561 -34.42856115 -32.15878719 -33.59520698]
[-34.74599575 -34.01094984 -32.7466088  -33.70323869 -33.37422249]
[-36.15253807 -34.68149486 -34.7577532  -35.46002127 -35.17296126]
[-35.9404125  -34.08180927 -34.43927123 -35.35085555 -33.26465193]
[-33.96898337 -33.5030271  -33.12505787 -35.29993225 -33.83521202]
[-35.56738554 -36.12111162 -36.18502118 -35.04523671 -34.0142199 ]
[-34.72278466 -35.7404358  -33.73379828 -35.99334291 -32.7001724 ]
[-34.38891603 -34.67791601 -34.35053469 -33.28693082 -32.68168983]
[-35.61372663 -33.80516647 -33.56078807 -33.28233902 -35.44470376]
[-35.57106743 -32.14398117 -35.63808498 -35.32359065 -35.06394968]
[-34.22315865 -35.32188412 -36.83261782 -35.80962967 -36.48924027]
[-35.33254914 -35.61159703 -33.25197278 -35.3407437  -35.58028107]
[-36.15691795 -32.60700059 -32.93394645 -35.50364597 -32.1147503 ]
[-33.75247512 -36.1965452  -36.28301773 -35.56752283 -36.21799721]
[-32.53765105 -34.45760605 -36.29363329 -32.69023444 -35.01235985]
[-34.2453981  -32.6447474  -34.32248058 -34.8850631  -35.24147272]
[-34.15219607 -35.21483619 -34.62398863 -33.92225684 -34.21320742]
[-32.68063295 -33.0161362  -32.54905186 -34.89321922 -34.88436795]
[-34.4502438  -33.40020864 -34.52173429 -35.27073662 -35.98109209]
[-36.09209791 -33.54671958 -32.31357593 -36.02925117 -36.68211639]
[-34.69029276 -34.47078174 -33.80750753 -33.4548022  -36.56723269]
[-32.88493075 -34.18001969 -32.38394628 -33.70988089 -33.67516194]
[-32.5279809  -32.52010298 -34.78255177 -35.1109332  -34.61594593]
[-33.97704542 -34.4815684  -34.78176887 -31.78930783 -33.67953584]
[-32.80780462 -33.96738885 -32.84790132 -34.64713178 -32.83842373]
[-34.1952906  -36.08568958 -32.73161552 -33.99364    -35.39353469]
[-36.28546768 -34.39639407 -33.44385703 -35.35619811 -34.02467916]
[-35.44504808 -34.41417427 -34.41978672 -35.48727963 -35.89788998]
[-35.15976061 -35.76121946 -32.67244993 -35.32107899 -33.84036145]
[-34.33122319 -31.68822377 -35.63338593 -34.9861283  -32.31525882]
[-34.43121281 -33.54854362 -34.71455698 -34.36994067 -37.1909043 ]
[-33.94325125 -35.37799968 -33.96417784 -34.31974066 -34.33314141]
[-33.5278382  -35.44887725 -35.74212044 -36.32446653 -33.19339896]
[-34.27987104 -33.56687279 -36.26204532 -33.95870457 -33.4370787 ]
[-34.76066259 -34.86859647 -35.5125214  -35.73158544 -33.41464412]
[-35.69047107 -36.14124267 -36.0078814  -33.33569012 -32.83369922]
[-34.49986521 -34.18022737 -34.2745589  -33.4632466  -34.81578158]
[-35.15960897 -34.10515545 -35.2443357  -33.48112079 -35.464408  ]
[-33.52146636 -33.87532362 -33.1832844  -34.18846722 -36.60356865]
[-35.04394158 -36.26835438 -33.38314632 -34.04566614 -34.21570083]
[-36.49708518 -35.3059648  -34.18832206 -35.50668543 -35.26368799]
[-34.32583314 -34.63857961 -34.02533592 -34.09443593 -36.33125594]
[-34.25464103 -35.52166269 -36.95114243 -33.70174533 -34.9718164 ]
[-34.29304558 -32.99239699 -33.20790561 -34.25644008 -34.88928781]
[-31.92541031 -34.30999072 -34.33239434 -33.30110015 -34.93487583]
[-36.28995257 -35.68338558 -36.24199191 -32.85874702 -36.17265715]
[-32.30637324 -35.18510454 -32.55853329 -33.0308269  -35.14406481]
[-35.02882218 -35.25092304 -33.03651559 -33.57299097 -33.46704358]
[-43.84215964 -42.46452098 -41.15242205 -41.52520136 -41.55007771]
[-43.29256788 -44.18074577 -45.38310727 -43.57563266 -43.87594403]
[-45.66723788 -45.9962487  -45.47765409 -44.21473273 -43.91854853]
[-44.86982292 -46.0434506  -46.52808393 -43.42688649 -43.07153835]
[-43.49178236 -42.05052962 -43.96655028 -44.19513989 -43.25415535]
[-32.86227417 -36.33987559 -32.68723547 -36.11964462 -33.54788398]
[-34.86106187 -35.09212611 -35.93240946 -36.42387154 -34.20994823]
[-36.06761441 -35.11205135 -35.48668093 -35.49200667 -34.45803783]
[-34.90388558 -35.94553685 -34.11036327 -33.98093842 -34.51757439]
[-32.88735315 -33.97171383 -33.9886533  -32.76167946 -34.1420544 ]
[-33.69747845 -34.79569864 -33.22088561 -34.64269463 -35.91365725]
[-35.65462736 -33.1003901  -34.38938208 -36.27329167 -32.95587183]
[-35.77014119 -33.01955638 -34.13823313 -35.63763822 -34.96855565]
[-35.37269394 -35.45124855 -35.66611908 -34.42501555 -34.66881897]
[-33.51063075 -35.03842155 -35.09696515 -35.61983778 -33.96738582]
[-32.40337338 -35.57604773 -33.82042469 -34.17494635 -34.89622253]
[-34.65160277 -35.62870275 -34.92647839 -36.25859152 -33.55928911]
[-33.35329972 -33.46349628 -32.03984177 -34.43495532 -31.56069856]
[-35.12532192 -33.455341   -33.20232937 -32.47464807 -35.07456135]
[-35.25619603 -35.5539462  -33.04681642 -35.54936004 -34.44700237]
[-34.51259321 -36.43327442 -34.56218141 -36.99643899 -33.22901343]
[-36.62922111 -34.62248195 -35.2707697  -34.03451108 -33.77349819]
[-34.76432548 -33.27614124 -33.97510359 -33.82859911 -35.35799337]
[-33.63468479 -34.52871996 -34.67845877 -34.20263678 -34.26198709]
[-35.02362328 -36.79791034 -36.89658301 -33.34202126 -35.02277553]
[-33.5404783  -34.17730596 -32.50803157 -35.07338844 -33.22839327]
[-33.81183441 -33.13647696 -35.30056514 -34.87441328 -36.39871047]
[-34.1758736  -34.82846738 -35.19848367 -35.20596051 -35.23201522]
[-34.46121372 -33.06683661 -32.28737214 -33.68200161 -33.26802543]
[-35.30765822 -36.20306795 -35.42260524 -33.27730254 -35.9134645 ]
[-35.65761759 -32.12821643 -33.84063242 -33.44233577 -33.15355278]
[-34.19596127 -33.06694452 -34.79616704 -34.33234615 -36.62262926]
[-36.48160525 -35.4015775  -33.08992954 -34.57006557 -32.77708498]
[-36.45802357 -33.58358448 -34.50483495 -33.25705861 -33.68856442]
[-33.64910051 -34.33391811 -34.04812256 -35.0193355  -33.4685385 ]
[-16.75644101 -19.83663235 -18.274751   -19.20205955 -18.116584  ]
[-18.21220047 -18.82638594 -19.86406226 -18.37142327 -17.82146465]
[-18.1593846  -18.33630855 -16.3648319  -19.43889005 -18.81482087]
[-19.61013397 -18.8205749  -19.51666959 -18.54051058 -16.67968248]
[-17.21954431 -17.33979455 -18.30513762 -17.97805586 -18.69608156]
[-18.58346155 -20.98170571 -17.92063412 -18.65679334 -16.99564625]
[-18.51823408 -20.24928339 -16.45204326 -18.6612562  -18.76841068]
[-18.08948029 -19.15544951 -19.90197562 -20.12773958 -17.3250454 ]
[-19.74821996 -18.65719511 -18.50280037 -17.30624069 -19.18506887]
[-19.5867191  -19.67890048 -19.77857353 -16.94383282 -18.67857431]
[-34.68872112 -34.6694812  -35.38323902 -34.47609282 -34.67048702]
[-34.26176707 -33.08505022 -33.7012355  -33.01675129 -35.20515407]
[-35.65969287 -34.32025301 -34.68382169 -36.42335877 -33.98307691]
[-33.45610399 -34.9142443  -34.76908036 -33.22173679 -35.73835552]
[-34.0974662  -33.56877376 -33.12051942 -35.79337103 -33.31456039]
[-35.09510771 -31.89126254 -35.66348492 -35.25670344 -33.69341454]
[-35.77033662 -36.13641332 -35.45210303 -33.74028319 -35.32744804]
[-32.93888469 -34.01170307 -33.86264362 -35.32193781 -34.94673734]
[-36.90273258 -35.47427938 -34.29431515 -34.09737366 -34.89092533]
[-32.05634505 -34.38726541 -33.23336196 -33.96364737 -34.73672296]
[0, 0, 0, 0, 0]
[-20.3523866  -22.14486029 -21.67991136 -21.20897673 -21.56241975]
[-20.76516389 -20.4632861  -20.62330927 -21.74474985 -19.98526985]
[-19.75969453 -20.32569368 -19.95702364 -20.43383553 -20.65958523]
[-19.71235977 -20.09211766 -21.6588364  -20.69196278 -21.11725449]
[-22.06781224 -19.09256812 -21.24868762 -19.48404751 -19.43048778]
[-21.5240505  -22.1896278  -21.75006993 -19.96801921 -21.47098704]
[-20.433085   -22.67076746 -22.13947392 -21.5205956  -22.48516681]
[-22.17926113 -22.37963823 -20.85566462 -20.10463129 -21.59395595]
[-22.69259034 -21.13827086 -20.05767925 -20.55387335 -19.42813   ]
[-21.81372364 -21.80035392 -20.5722363  -21.00310238 -21.79827036]
[-20.72714781 -23.38276042 -21.8949148  -21.10026476 -20.01633218]
[-19.70145282 -18.93273644 -19.77734005 -21.14016013 -21.33157405]
[-19.03224384 -19.86636756 -21.54405039 -18.99231558 -20.78796682]
[-20.56134199 -22.40911462 -21.8964832  -21.96649871 -21.36967462]
[-23.92727203 -22.2987336  -22.16960758 -21.78350205 -22.06102826]
[-21.21920442 -20.2979678  -19.23883411 -19.30265303 -17.53383608]
[-18.14468597 -17.78498036 -21.37001911 -21.10136626 -20.13293565]
[-20.57163667 -17.87481719 -18.90292476 -19.59298827 -19.1535622 ]
[-20.11706242 -18.30580525 -21.61168502 -19.42211484 -18.98198442]
[-20.7123942  -19.8468334  -20.64203086 -19.67809952 -18.33583825]
[-21.03128732 -18.53329648 -18.5194637  -19.72028812 -19.15383203]
[-18.1201011  -20.27688625 -20.44336773 -19.13836796 -18.7008722 ]
[-18.65907413 -20.41750042 -19.52431725 -19.48297661 -18.97097804]
[-20.79815679 -18.15378128 -17.95200757 -21.00472636 -19.24562209]
[-18.63331732 -20.37414454 -19.98135668 -20.20671761 -18.98482193]
[-35.26605047 -34.95654567 -34.42725343 -35.3078015  -35.51041387]
[-34.35658979 -35.39164255 -32.53264679 -35.84656389 -34.44877029]
[-33.06232054 -36.24097142 -36.37821746 -35.511233   -32.66364042]
[-35.68759428 -36.19432204 -33.58508575 -32.91204655 -36.49068172]
[-32.42999608 -33.40778487 -34.966977   -35.87776727 -35.13980949]
[-36.73937089 -34.69573479 -33.45833616 -34.15216871 -32.78177179]
[-36.7900075  -32.70257811 -32.80039289 -33.50026331 -33.45084179]
[-35.53561732 -35.85801407 -34.67041105 -35.04536095 -35.95247045]
[-33.35664846 -33.48525077 -32.81100298 -35.91818911 -31.34281003]
[-33.85959516 -34.5204326  -36.50549095 -36.22854066 -33.40792188]
[-33.23013963 -33.0871825  -32.03176547 -34.76009801 -34.88713191]
[-33.95683782 -32.98641778 -33.55042024 -33.70773509 -33.9398325 ]
[-34.99304287 -34.49899292 -32.46743917 -33.34827001 -34.2982027 ]
[-36.55499581 -36.45199027 -36.39918462 -35.21265013 -35.04525815]
[-37.08783248 -35.92964871 -34.00857758 -32.92455196 -33.27891201]
[-34.90377312 -35.42125813 -32.65746999 -36.21526628 -32.40835788]
[-34.0292489  -35.65612241 -34.10716819 -33.77855075 -35.13775583]
[-33.66582682 -33.29466534 -36.02258672 -33.00546201 -33.16734886]
[-34.49318825 -34.37331912 -33.02958533 -34.27181524 -35.33886238]
[-34.52604679 -35.29799772 -35.28240781 -35.00126433 -32.31452854]
[-109.78076552 -109.40295999 -107.09214801 -108.38113579 -108.84418972]
[-106.00586761 -108.36408512 -106.8239414  -106.22554416 -108.03979211]
[-108.26624387 -107.18479001 -105.65093432 -106.57980851 -108.85662159]
[-104.91706746 -106.39144006 -107.73406906 -106.58979266 -107.08442211]
[-107.96702113 -106.415207   -107.32874512 -109.26221313 -107.95680708]
[-33.85575276 -35.22141479 -35.22240936 -33.71633193 -34.42821118]
[-35.23854061 -32.33801507 -33.58044257 -34.5803807  -34.79470069]
[-34.09926623 -35.60495622 -35.8465865  -35.99426734 -34.39460942]
[-35.03401277 -33.318963   -35.73195735 -35.23132502 -32.56443935]
[-35.29220591 -36.56487672 -36.33531199 -36.60081651 -36.5744829 ]
[-108.82778595 -109.43800372 -108.85190879 -107.89573837 -108.9978798 ]
[-106.64771369 -108.49597564 -108.82715774 -109.16509416 -107.92278722]
[-108.44132266 -106.71933715 -109.2405221  -107.76868707 -108.36134397]
[-107.59052159 -107.54276315 -109.22874347 -107.45087279 -108.73570529]
[-108.12532934 -108.56708899 -109.30244944 -107.87348672 -109.84867427]
[-34.56516974 -34.30790197 -34.99947509 -33.51565284 -36.27693695]
[-34.87361737 -33.90608151 -33.94784389 -34.84052048 -34.09639918]
[-34.77769013 -33.03422821 -33.96616265 -35.16513256 -34.12611572]
[-33.72012445 -33.82910621 -33.08317145 -33.35517288 -34.92131522]
[-35.8901337  -36.64114568 -35.48976014 -35.24052836 -32.61473911]
[-113.65942157 -116.6089963  -115.25057286 -113.29847401 -114.54178669]
[-115.47213612 -115.8908384  -113.69783198 -115.47118751 -116.12011768]
[-113.72433674 -112.71818476 -115.01277435 -114.72324271 -112.08177038]
[-113.7231509  -114.82446731 -114.41803281 -114.3517028  -113.81328343]
[-114.25293291 -113.84276447 -111.96151044 -113.53412184 -115.15657719]
[-35.18468525 -34.88940884 -34.06532928 -34.7758051  -33.55106195]
[-34.42338387 -34.82995569 -33.20415301 -33.4489792  -35.06156261]
[-33.75564489 -34.09088922 -34.7611877  -32.58879289 -33.48572481]
[-36.07558861 -32.35134858 -32.66348112 -33.58302335 -34.8760596 ]
[-34.42142905 -33.27890998 -34.07692774 -35.70573887 -35.33045708]
[-34.50665589 -35.28873937 -33.31821032 -34.62715846 -33.72512667]
[-33.0695786  -33.49802105 -36.27149623 -35.89202893 -35.9530482 ]
[-34.42855271 -34.07524306 -33.15617559 -33.2007453  -34.46269819]
[-34.60588131 -33.38961968 -33.59293696 -34.78383027 -34.65235355]
[-33.30665883 -33.48508711 -35.32814795 -34.96239587 -34.15708212]
[-33.9857782  -34.37218128 -33.73167292 -32.70108547 -33.45922688]
[-33.5248891  -34.23837757 -34.77781284 -34.50952516 -35.42819056]
[-36.84751739 -33.04919526 -35.23481108 -35.68548711 -36.77898673]
[-34.87715353 -33.25533695 -35.45447169 -35.63882309 -32.80262186]
[-36.6629019  -34.53997573 -32.95446663 -35.99722385 -34.52541143]
[-32.37012535 -33.31263383 -32.71602949 -33.81696568 -34.42783528]
[-32.35892594 -34.64930789 -33.5782682  -36.02013602 -33.80198823]
[-33.43450585 -33.84352894 -32.96772806 -34.64025161 -34.37918872]
[-35.41186527 -34.93525992 -35.00129297 -31.89816423 -34.53515388]
[-31.7384538  -33.15552795 -34.64925238 -34.39110881 -33.15106876]
[-35.48428188 -33.93807303 -35.84418328 -34.88553084 -34.80302583]
[-33.73610491 -33.28536165 -33.59730394 -36.29293002 -34.00280615]
[-34.38400575 -35.42271894 -35.86604689 -36.63248037 -35.19547612]
[-34.67127402 -34.92695137 -34.50439031 -33.85667412 -35.37734936]
[-33.35934331 -36.00279377 -35.97636259 -34.38685492 -36.17883206]
[-34.16904308 -33.4894622  -33.76003068 -32.01989852 -35.40478278]
[-32.50754591 -35.95813628 -33.32715732 -33.79940994 -34.73562371]
[-31.13189659 -34.67653289 -33.79843173 -34.01108951 -34.67242766]
[-35.69171549 -33.83098803 -32.65303942 -34.53780968 -36.34887474]
[-34.85716107 -34.42712954 -34.09451678 -35.38191234 -35.87998997]
[-43.28358382 -44.76388168 -44.61954285 -42.94198051 -43.57681116]
[-43.55248025 -46.60956171 -46.54539157 -43.82597447 -45.06525274]
[-46.41898882 -45.08353934 -47.08661518 -43.2748365  -46.79373993]
[-42.4123703  -41.28517979 -42.74678374 -44.37822817 -43.42153081]
[-44.57818685 -44.17647765 -43.91687198 -42.81255765 -43.92445346]
[-32.89068937 -35.50789527 -34.89042113 -33.35814198 -32.21975846]
[-33.36914398 -33.10370764 -35.45072847 -36.22409949 -34.39129854]
[-33.09918978 -31.67473767 -35.53500103 -34.22162766 -34.76171436]
[-32.69635606 -32.94192937 -34.89767985 -33.04867259 -34.14657428]
[-34.6259006  -31.9043721  -35.38492813 -34.25153733 -34.05697616]
[-54.8454402  -54.36622436 -54.16885319 -54.09966584 -54.32947634]
[-55.15298486 -54.98849163 -54.60556179 -53.75807348 -54.91365643]
[-51.46651679 -52.61149922 -53.23725882 -52.81769523 -53.45355885]
[-52.28632616 -50.83618082 -51.60360506 -50.52665846 -52.16547294]
[-53.7664773  -55.08541102 -54.06438442 -54.06514032 -54.91212035]
[-32.14103698 -34.33495308 -35.31688592 -36.07158918 -35.66858892]
[-34.7264583  -32.8216314  -33.28081233 -33.13832669 -35.8010451 ]
[-33.39879379 -32.78049356 -35.3801282  -35.59224001 -33.42143586]
[-35.1344806  -34.82649575 -33.01609074 -33.54389347 -33.28372966]
[-34.39587379 -34.36535943 -33.04079609 -36.11988689 -32.37437986]
[-49.88841695 -50.38241746 -49.11186186 -48.06091259 -50.30542923]
[-49.93927424 -52.19111271 -52.35049492 -53.15770184 -50.89521289]
[-49.59080015 -48.61683396 -49.28447417 -49.91491    -48.66977661]
[-49.16137134 -47.27738378 -47.09384846 -49.12564125 -47.07647484]
[-51.36670114 -49.94147692 -51.70162039 -50.44522576 -50.47786255]
[-122.92631586 -125.38004309 -124.00928137 -123.34093894 -124.03561667]
[-125.81244554 -127.33542599 -126.10587528 -125.13064969 -129.08558023]
[-126.38571314 -127.64494097 -126.43173849 -126.39000016 -125.03774323]
[-126.0033623  -125.11212762 -125.4923963  -124.85667084 -123.87139749]
[-121.70898008 -121.8595791  -123.2340378  -122.3988466  -123.39859096]
[-17.66839583 -18.84225471 -16.59547495 -19.28909082 -19.61614197]
[-17.89748528 -20.4731376  -20.05094081 -17.90937343 -18.3061066 ]
[-17.78007477 -18.77898075 -19.07068704 -17.72006866 -18.03400855]
[-19.17106825 -18.54603081 -17.89107472 -20.09961097 -17.51335979]
[-18.52686374 -17.96216849 -19.49465767 -19.33023771 -16.96781723]
[-126.85522338 -126.72771574 -128.00504592 -127.1789205  -128.37649383]
[-125.29563611 -124.36128502 -126.2708592  -125.24108667 -127.03857769]
[-125.45168229 -125.70016861 -123.57972755 -124.99728055 -126.42433585]
[-127.17004373 -127.44466356 -126.19382315 -127.52200362 -127.84804322]
[-124.53425137 -125.35492296 -124.38122698 -124.66180495 -124.70184686]
[-125.41050171 -127.47008496 -128.10797365 -125.61599551 -127.06944284]
[-125.86901589 -124.71637868 -124.60017483 -124.94808909 -124.65440474]
[-127.84532873 -125.22358378 -125.36541044 -126.12410415 -127.30045831]
[-126.96592619 -128.21923594 -127.31766497 -127.87026788 -126.84244264]
[-127.95368756 -129.10473974 -127.91713537 -126.96968391 -129.00885216]
[-33.49859743 -36.44041275 -33.20536637 -36.93945296 -35.35471898]
[-34.4838436  -34.10686717 -35.02156662 -32.72725757 -35.61222269]
[-34.78695064 -35.75822895 -36.76951047 -32.94870467 -35.43017786]
[-36.9414735  -35.67198188 -36.32342203 -33.02704547 -33.42463266]
[-35.10945513 -35.8760785  -34.7377777  -34.35386846 -34.06592415]
[-115.09322739 -114.82428252 -114.59774377 -114.69826548 -115.7338297 ]
[-114.35798704 -113.41291526 -112.73691035 -114.86375562 -114.52942307]
[-116.55786119 -114.44979339 -115.91372464 -114.62538531 -115.32743065]
[-116.59968312 -114.04679684 -113.97705838 -117.39947543 -116.08514785]
[-115.76757389 -114.33384178 -115.58033378 -116.22877843 -117.73396277]
[-33.08716891 -32.93808983 -34.20672899 -32.63111682 -36.53309118]
[-34.07878595 -32.04167005 -33.62927489 -34.14463011 -34.53294879]
[-36.37889819 -33.81349378 -33.06268562 -35.57015706 -33.76028822]
[-35.03426544 -34.95486314 -35.51671222 -35.80020854 -35.61125224]
[-34.28277269 -35.3042704  -34.23785135 -35.77233612 -35.88074809]
[-33.77089756 -33.66703514 -34.25796369 -33.97377165 -34.28300809]
[-32.90548688 -35.56237077 -36.18058129 -35.64398831 -33.34625278]
[-35.51734809 -36.15980737 -36.7085122  -34.21524113 -33.9520992 ]
[-34.85238668 -31.90530499 -34.09890719 -35.18922602 -34.88181977]
[-33.89807538 -36.74869641 -33.8820108  -35.41598279 -34.1507444 ]
[-34.45169995 -35.15582648 -32.82665311 -34.70305412 -32.85270226]
[-32.16082451 -35.79855775 -35.01334585 -33.19959438 -36.61009399]
[-35.68401514 -33.18809283 -33.4493726  -34.11349535 -34.5963472 ]
[-32.73135283 -35.55902403 -33.37039854 -32.62999176 -35.34489585]
[-35.04764587 -35.72349478 -35.03427502 -35.97021269 -34.37955945]
[-35.52232831 -36.42416243 -34.65484192 -35.30126314 -33.30060432]
[-35.1340413  -34.39157627 -32.16221128 -35.2777027  -34.29467362]
[-33.68482123 -33.63321042 -35.13488062 -32.85333301 -34.46529225]
[-35.25787398 -34.23447159 -33.59897847 -35.1072678  -33.81719005]
[-35.37170282 -34.24426798 -36.25599575 -34.6024027  -34.83375542]
[-32.94007976 -34.51291919 -31.8367276  -33.1457709  -34.02195716]
[-35.78392017 -33.82507488 -35.18497924 -34.82427931 -36.18934018]
[-35.90156985 -36.22015852 -32.94468541 -31.97314582 -35.63865984]
[-36.78513137 -33.83949435 -33.89693011 -35.50437962 -34.57854153]
[-35.15290878 -33.42664606 -32.15393754 -32.43601101 -34.76562174]
[-34.18255302 -34.77001229 -34.6026689  -32.54329587 -33.18446358]
[-35.26991762 -35.45463664 -32.80575014 -33.27042242 -33.22708982]
[-36.67417618 -33.25581337 -34.08778579 -34.07852574 -35.70830126]
[-34.26463466 -32.68246507 -34.66053382 -33.45219233 -35.13535359]
[-31.91951102 -34.03790563 -35.25584413 -33.74036364 -32.3617675 ]
[-33.97065077 -33.87249585 -35.05667332 -35.71688968 -37.56427501]
[-33.35090292 -33.28104031 -36.32732344 -33.85136897 -33.9180248 ]
[-33.51122254 -36.04042106 -34.22682625 -33.90991541 -33.17545498]
[-36.27943842 -31.9176287  -34.06580689 -33.82361255 -33.98802245]
[-33.67268348 -35.4766314  -33.11492674 -34.85757478 -36.17881932]
[-36.26543917 -31.71793151 -35.94868605 -34.88609924 -36.16631224]
[-35.62124819 -32.27136753 -34.4768157  -34.38695613 -33.12286219]
[-36.35858878 -35.79945192 -32.42428709 -34.53195925 -34.47190867]
[-35.33179897 -33.42990058 -35.59211972 -35.39906759 -33.55295521]
[-35.74542676 -33.84156333 -35.88800582 -36.00738295 -32.47194741]
[-33.8370608  -33.58862678 -35.61565589 -36.20463608 -35.41454375]
[-34.53398134 -36.20124632 -33.93818078 -33.59633264 -36.33777395]
[-34.49618767 -33.23582574 -36.73134094 -35.12813938 -33.15139527]
[-33.19336641 -33.32309911 -32.16015327 -35.83813835 -33.33773282]
[-33.0637168  -33.58404512 -36.03339898 -32.77585598 -32.46063769]
[-34.8750228  -36.47761528 -35.71842507 -35.20768136 -36.01030377]
[-34.63653374 -35.25859366 -35.51316848 -34.43366875 -35.12326641]
[-35.15554526 -33.9003113  -37.30575208 -33.54197916 -33.42469878]
[-34.87348018 -35.95283042 -33.29583397 -33.08426722 -35.3725908 ]
[-33.92694823 -32.50369076 -35.12129564 -35.4178171  -35.34489823]
[-36.25336755 -33.29526582 -34.20803724 -34.62223579 -33.03334404]
[-35.25752529 -33.33807676 -32.71544488 -36.81079957 -36.20180584]
[-32.8605709  -33.21571009 -33.46030536 -33.99656904 -35.11693508]
[-33.53636269 -34.9776598  -35.00795959 -33.04399659 -31.73227809]
[-37.1792266  -35.70219501 -32.62402716 -32.65793595 -32.20003796]
[-19.47499622 -19.56659649 -19.26077259 -19.73643592 -20.02386808]
[-18.97677432 -20.42283959 -18.86177712 -19.52970111 -19.26677278]
[-21.4465064  -17.62353191 -19.91011364 -20.91324498 -20.09908452]
[-20.99889511 -19.44002293 -19.69887078 -20.8179147  -17.72089023]
[-21.08003474 -19.25310316 -20.04404909 -19.56038065 -21.44665961]
[-34.11235567 -34.29661617 -35.86274685 -34.15042191 -32.63337449]
[-32.44869998 -34.40033103 -35.44476223 -35.27134125 -35.36426652]
[-36.30588326 -34.93616386 -32.47736341 -34.67199494 -35.29153214]
[-34.6398094  -33.53240248 -34.6788077  -34.74977259 -33.34628419]
[-35.62779674 -34.73705502 -34.2456335  -34.02033286 -35.91401235]
[-34.24537665 -34.51095578 -32.27522779 -35.74752429 -33.2997126 ]
[-34.77984077 -33.18749779 -34.75329247 -36.04372331 -33.86735825]
[-34.9323865  -35.12904071 -35.17005327 -34.17181084 -32.62020202]
[-34.08659382 -33.85606481 -33.48486256 -33.32940081 -34.97617855]
[-35.0708993  -35.86845739 -35.26550036 -34.35026459 -35.01688796]
[-35.10347871 -35.52350687 -33.21670725 -33.862826   -36.10058474]
[-34.35200268 -32.08677254 -31.87531218 -32.75900693 -35.14284711]
[-32.25984353 -34.86981787 -34.13757494 -33.39790843 -33.46092895]
[-35.91853735 -34.03497183 -35.0702387  -33.96058238 -32.94756846]
[-32.51575087 -32.29133858 -36.00016588 -36.46885462 -34.61796279]
[-34.19567318 -34.28477181 -35.74044214 -33.79692321 -33.97306017]
[-32.22254764 -32.02639597 -35.29622171 -34.35656666 -32.89373489]
[-36.02518865 -35.54823406 -35.25927628 -35.37443538 -32.62889874]
[-33.83289327 -35.72410639 -36.10939504 -34.67284694 -32.95657952]
[-34.52306185 -35.24686635 -34.98451192 -34.72920287 -32.22280941]
[-33.88700214 -34.81429252 -33.13672597 -32.74282421 -34.944022  ]
[-33.67560649 -33.82686807 -33.70166475 -34.94002279 -34.23978911]
[-32.93334975 -36.00867082 -35.44245305 -35.1416871  -32.55931274]
[-35.14442186 -33.94630473 -33.22269518 -33.99378546 -36.04286359]
[-35.30637355 -34.88236208 -33.85978009 -35.31568482 -32.19193575]
[-34.72576647 -34.86525543 -35.17987561 -35.36055059 -35.15252395]
[-34.92288876 -34.26923065 -32.43370165 -35.55733813 -32.91672374]
[-35.57204282 -36.04941964 -33.98784796 -35.32105026 -35.63093211]
[-34.43954813 -35.04573943 -33.80807864 -35.14263883 -32.95875655]
[-33.95488239 -34.47075248 -35.7704773  -33.77919514 -33.83403662]
[-32.70710113 -32.85324838 -34.32810995 -34.99471406 -34.46977373]
[-33.26900994 -33.40797081 -35.62464702 -33.94296732 -36.05415266]
[-33.30455821 -33.26758329 -36.45141657 -34.16834115 -33.41267506]
[-35.95828459 -35.10351892 -35.49172215 -35.02830487 -33.56090539]
[-35.71347525 -32.27854083 -35.20924614 -36.03189581 -34.77186854]
[-35.84409772 -33.76475348 -35.40552731 -34.00596939 -33.55366327]
[-34.01347127 -33.88645597 -36.89546868 -33.45430407 -35.79370718]
[-35.39917611 -35.94237954 -33.66998083 -35.65518641 -35.40806459]
[-32.89585665 -32.09833818 -35.99153541 -35.73911397 -33.80125694]
[-35.82776658 -33.42307193 -34.98015247 -36.52712991 -36.57434259]
[-33.14017546 -34.26937891 -35.16033426 -34.79272138 -33.44024149]
[-34.36409805 -33.4282332  -33.92168181 -34.16868938 -32.06933989]
[-34.58632204 -35.76792785 -33.91056758 -34.73284608 -34.96112864]
[-37.32767683 -32.9451028  -34.39959704 -32.55908484 -34.56952126]
[-35.49667253 -35.48621696 -36.15727783 -33.99914888 -35.68507018]
[-33.70121900540794, -35.82723698102205, -34.774568094636464, -32.96849222407778, -33.91299366219539]
[-35.58155721434294, -33.847001855214074, -33.73244007742094, -33.61417692175713, -34.39772216276498]
[-33.19921985641994, -33.11855359992916, -33.351676012011694, -35.85326171744106, -33.05911198899463]
[-33.65577089912104, -33.39923765109263, -34.37723239994384, -33.12412106705564, -35.325358961594844]
[-34.47813045194909, -36.790474076001054, -35.30804505095277, -32.77767941459267, -33.67025412352827]
[-36.07506320493972, -35.922002752288776, -36.56172886793856, -33.81269876333093, -34.38068135322336]
[-33.10137235923484, -35.83332065303525, -35.13845840715379, -33.23936851796793, -34.170155700219794]
[-35.126189271406396, -36.08957819365125, -34.36102055589579, -33.78953262532013, -32.63362229355411]
[-32.77500293109948, -34.5536435526137, -33.737641586710424, -34.52712517214637, -31.975051955573736]
[-36.00151861813233, -33.77353246157054, -34.99936316752588, -32.828149987587636, -35.457734406909985]
