0.001120328845708213
0.0019316064942387033
0.0004286097196531803
0.0007857038657584207
0.0007857038657584207
0.0007857038657584207
0.0018795019715462842
0.0013197543351892915
0.0004913721069167479
0.0004913721069167479
0.0004913721069167479
0.0004913721069167479
0.0014581304314221204
0.0027556310255445683
0.0036275201026347414
0.0015605360244063584
0.0023005298128128647
0.0027507893409849365
0.003281862754746237
0.0011741195485212665
0.0011741195485212665
0.007804318767392215
0.006490112174525366
0.0067783269598607615
0.00040935131102386776
0.0027214883046274077
0.0031106497396514473
0.001478870239281734
0.0012022583126691507
0.002156268827814629
0.003548656576238565
0.004761625017925914
0.0009042261561769249
0.000547680828785104
0.002302932600179102
2.3619551831271113e-05
0.0029848380353057914
0.0021841652886561216
0.0062823134084012714
0.007132937580494582
0.0012098348260896133
0.002112444047552265
0.0026950514934276234
0.0005453600751749764
0.0019045396963633652
0.0006090620254501447
0.001249532171435432
0.0007260164591415118
0.0007260164591415118
0.0007260164591415118
0.0007260164591415118
0.0007260164591415118
0.0007260164591415118
0.0007260164591415118
0.0007260164591415118
0.0007260164591415118
0.0007260164591415118
0.0007260164591415118
0.0007260164591415118
0.0007260164591415118
0.0007260164591415118
0.0007260164591415118
0.0007260164591415118
0.0007260164591415118
0.0007260164591415118
0.0007260164591415118
0.0007260164591415118
0.0007260164591415118
0.0007260164591415118
0.0007260164591415118
0.0007260164591415118
0.0007260164591415118
0.0007260164591415118
0.0007260164591415118
0.0007260164591415118
0.0007260164591415118
0.0007260164591415118
0.0007260164591415118
0.0007260164591415118
0.0007260164591415118
0.0007260164591415118
0.0007260164591415118
0.0007260164591415118
0.0007260164591415118
0.0007260164591415118
0.0007260164591415118
0.0007260164591415118
0.0007260164591415118
0.0007260164591415118
0.0007260164591415118
0.0007260164591415118
0.0007260164591415118
0.0007260164591415118
0.0007260164591415118
0.0007260164591415118
0.0007260164591415118
0.0023742962716728584
0.0035937672663194295
0.0022339500025704223
0.00020351074601193935
