[0, 0, 0, 0, 0]
[0, 0, 0, 0, 0]
[0, 0, 0, 0, 0]
[0, 0, 0, 0, 0]
[0, 0, 0, 0, 0]
[-27.5820183  -28.19823109 -27.34512221 -27.03023539 -27.09052984]
[-28.24104513 -28.53412749 -28.14339558 -28.03620585 -28.77128841]
[-27.91970726 -27.79094397 -28.1313041  -27.6188401  -26.90466101]
[-27.29727919 -25.84779506 -28.02948953 -26.79989026 -28.39627263]
[-27.85332638 -26.82215047 -27.49719062 -28.75924269 -28.42788405]
[-29.62482913 -31.00569393 -31.61629202 -28.5570838  -30.4222122 ]
[-29.79225015 -30.05638027 -29.97442239 -30.32868371 -30.38745887]
[-30.30118539 -30.6030136  -29.72831325 -30.74195125 -30.39595078]
[-30.50405434 -31.78898659 -31.28047245 -32.11905567 -32.46854522]
[-31.00537327 -31.18744197 -32.83497506 -32.71957553 -31.44471002]
[-33.05582285 -34.17756648 -34.2523278  -35.18943529 -34.4810646 ]
[-37.0172893  -36.81115294 -36.30700783 -38.49783441 -37.6268424 ]
[-36.9316545  -36.44929243 -35.24466674 -34.60826118 -37.75461356]
[-33.27949126 -33.682384   -34.34939119 -35.15795397 -32.59719994]
[-34.55253357 -34.86451679 -35.50388864 -33.657474   -34.27261731]
[-38.18085845 -38.93938857 -37.22816571 -39.84744061 -38.52576043]
[-39.53615451 -38.58477452 -39.57664359 -40.06963444 -38.69485983]
[-38.88748542 -39.67108799 -37.29943672 -39.09603237 -37.42146962]
[-37.70103426 -38.61508534 -38.12696971 -38.94176463 -38.55790535]
[-37.89087072 -38.92146039 -38.71944299 -38.14332238 -36.93357152]
[-42.18288037 -43.82625778 -43.51812223 -42.51715922 -42.16558246]
[-43.31661557 -43.95140758 -43.89790582 -43.09048491 -42.85460528]
[-44.05873978 -44.08103034 -44.68903218 -44.53444036 -42.9034196 ]
[-44.49853913 -42.55629615 -42.2461433  -42.04093758 -43.97952611]
[-45.06535623 -46.03147363 -44.64773054 -43.55485523 -46.39868552]
[-48.87170294 -49.18126921 -49.37018833 -49.40610916 -48.40455933]
[-50.41909146 -49.22407012 -48.84259303 -50.23417167 -49.75759415]
[-48.67088457 -48.76491536 -49.25143401 -48.58511044 -48.31026761]
[-51.12591511 -51.42849298 -51.29848592 -51.47481872 -51.95907346]
[-49.1278341  -49.80844665 -49.17766261 -48.86618311 -50.1443507 ]
[-56.03026058 -54.57109171 -56.47142294 -56.35734321 -54.17698395]
[-59.57512825 -59.45329943 -60.2329421  -59.79001374 -59.57771749]
[-55.82224766 -56.3670451  -54.76516711 -56.16494375 -55.6614942 ]
[-55.9887557  -54.97745269 -56.12507735 -56.58070702 -56.1812633 ]
[-55.9391861  -56.7826227  -53.44929929 -55.39333588 -55.59033756]
[-63.80944294 -62.55673329 -61.74265027 -62.86014241 -62.60966009]
[-60.97210335 -61.8359602  -61.37471867 -60.40885742 -61.70908352]
[-60.96140045 -63.054581   -61.87204679 -61.09110474 -61.25888554]
[-62.05429587 -62.30525997 -60.15444126 -60.46680276 -61.59817309]
[-65.03925723 -64.08208278 -63.04053845 -64.67455341 -64.10250524]
[-65.43933056 -64.55505722 -67.08539561 -65.79065663 -65.19332912]
[-66.06429715 -66.6320089  -65.13807323 -66.04547883 -64.58569746]
[-66.51471584 -66.86784417 -66.21016116 -64.03057511 -65.22085978]
[-66.56181462 -66.16046975 -66.18841227 -67.94532253 -65.62398301]
[-62.57516403 -64.46340841 -64.07756028 -62.92468223 -63.05943727]
[-71.34941459 -71.25729541 -71.31766733 -70.71409309 -71.90988717]
[-69.70924517 -68.32409495 -68.73907794 -69.26883778 -68.93272658]
[-67.15174172 -68.11998966 -67.11496617 -68.09195338 -65.84169679]
[-69.08855221 -69.83325233 -68.76725101 -68.63176761 -67.48466104]
[-66.62094406 -66.40790498 -65.45600829 -67.28359033 -67.21310915]
[-69.04045204 -69.20574746 -67.66305875 -67.89428612 -68.44114217]
[-67.82569554 -68.25427441 -67.32366621 -68.56200177 -68.45599703]
[-70.90990724 -69.26800561 -71.13691051 -70.3217223  -73.15139628]
[-67.84440921 -66.57012101 -66.30845188 -65.31866882 -67.82826998]
[-67.14220995 -66.36972094 -66.6358951  -66.97186466 -64.5609147 ]
[-68.24405683 -67.99704567 -69.53183147 -69.06462296 -69.04477546]
[-66.01779751 -66.29735786 -67.26017641 -65.94439739 -66.73395113]
[-70.22424677 -67.77049635 -70.26170257 -69.6682777  -70.51058759]
[-66.15245357 -67.0045483  -67.72156073 -67.17558994 -68.30583084]
[-70.34477773 -73.16043851 -71.13697141 -70.99047257 -72.15258475]
[-65.14350731 -62.69770665 -63.90865632 -64.78827161 -63.56357711]
[-69.5725921  -67.83937505 -68.2082622  -68.84942541 -68.68441959]
[-68.89484932 -67.46735368 -67.74134273 -66.9892999  -67.33268238]
[-67.63287227 -68.51726147 -69.23756348 -68.43344139 -68.31087206]
[-65.9229413  -67.15128058 -66.05541735 -66.07163221 -66.24362257]
[-66.6928237  -67.73768325 -67.95255574 -67.06705482 -68.8215845 ]
[-67.46751761 -67.14995696 -68.47824726 -68.62689151 -67.16594527]
[-67.6679833  -67.78423684 -67.82069418 -67.16461468 -66.23465717]
[-65.54656871 -66.11265631 -66.0146936  -66.69064626 -67.46764219]
[-68.33540089 -67.45465447 -67.44012484 -67.40964445 -67.86291495]
[-65.58942456 -65.54483091 -66.05391384 -67.02791148 -65.4101376 ]
[-65.7170406  -65.29569391 -65.05092315 -65.33008773 -64.57201696]
[-64.22217269 -64.61902308 -64.85068267 -65.33640222 -65.04646857]
[-68.41968916 -68.0093005  -66.61889668 -68.39277676 -67.07674103]
[-67.14205215 -67.67613447 -67.98734854 -67.46890299 -68.64746782]
[-68.39537835 -68.77028517 -67.67500461 -68.39267482 -67.7767584 ]
[-68.15607615 -67.46889478 -67.57187895 -66.97862665 -67.44511064]
[-69.58629124 -67.31556142 -68.35299873 -68.91742758 -67.4156979 ]
[-69.73030502 -71.15090477 -70.86784043 -69.79215806 -69.99504728]
[-65.73035354 -66.25878682 -66.49447538 -65.96698769 -65.41750449]
[-70.27501021 -71.19393145 -70.82694881 -68.90624965 -69.62048953]
[-67.30974769 -67.98296344 -68.06340123 -67.45733976 -66.54764317]
[-70.66499917 -72.83618691 -70.00424029 -71.5802462  -70.86121135]
[-68.51628408 -69.53643923 -69.59525271 -67.81800217 -68.73627172]
[-69.45014285 -69.8438058  -67.89695735 -71.06723902 -69.95937645]
[-72.85614404 -72.62158392 -71.22648354 -70.93776368 -72.01217807]
[-72.15471028 -70.21425643 -71.67680959 -70.95940753 -71.20613665]
[-69.79278231 -69.60909165 -71.02228386 -70.68819566 -71.66337769]
[-70.76273042 -70.6656999  -70.55092625 -69.31711156 -69.27418073]
[-66.28008606 -67.121311   -67.31620596 -65.70836782 -68.14296994]
[-73.36604832 -72.5585974  -74.12931786 -74.66428984 -74.60618804]
[-73.09241926 -71.09811406 -72.60545534 -72.24385595 -71.78695713]
[-71.22692208 -72.72821033 -71.24000434 -72.21998615 -72.66261055]
[-72.34731269 -73.06598955 -71.62350305 -72.99537004 -71.63347365]
[-72.89544616 -72.51701231 -72.54492222 -75.06118656 -72.82682045]
[-71.06247805 -72.31873676 -71.62140148 -72.23354741 -71.82147006]
[-72.16028479 -72.66052411 -71.56989308 -70.95652847 -70.54291982]
[-73.39295528 -73.66279996 -74.47867349 -72.6528644  -74.02804722]
[-73.80196018 -73.55295014 -74.08015387 -72.84659857 -73.98956176]
[-71.52291404 -71.73592254 -70.83158861 -70.27512574 -72.08869363]
[-74.11713703 -73.4630311  -73.13464741 -75.41193641 -73.46602709]
[-68.71285072 -69.402361   -68.57787987 -68.89154777 -70.87358092]
[-72.6954666  -72.03461846 -71.14056766 -72.38250995 -71.17112615]
[-75.34335398 -74.97040149 -73.74237369 -74.25654135 -75.95318553]
[-70.84780008 -71.89027935 -72.41883617 -71.00522066 -69.74987049]
[-71.7310206  -72.58192549 -71.52784668 -71.49948478 -72.51182286]
[-69.71729077 -72.72116808 -72.27728292 -71.86533715 -71.04304577]
[-73.65441412 -73.69926379 -73.46184336 -73.17505044 -72.98569531]
[-70.17848929 -71.77090447 -72.19034951 -71.05835158 -71.11189423]
[-74.51540911 -73.26205535 -74.19634978 -73.73271049 -74.87048083]
[-72.77532577 -73.9200134  -72.37453888 -72.06986236 -73.41780612]
[-72.25853463 -72.77464966 -71.71869294 -72.41350095 -71.33949267]
[-73.87291855 -74.72294486 -75.53633507 -74.17291832 -74.02332815]
[-73.72381028 -73.60150294 -75.19753278 -75.3218832  -74.45486582]
[-75.36385358 -74.65204464 -74.67225675 -75.46646483 -76.37615323]
[-72.42754176 -72.47157774 -72.76283069 -72.58248667 -72.05903302]
[-73.59016484 -75.28132318 -76.60762984 -75.04718701 -75.02613633]
[-72.27039014 -72.41494108 -72.15173433 -72.50133516 -70.54204343]
[-71.98132559 -71.60878065 -71.02220114 -72.28976983 -70.99777997]
[-75.60589078 -75.31237562 -75.26193969 -75.18138124 -74.39750718]
[-70.82363539 -71.67769611 -70.80267809 -71.06687571 -70.80701438]
[-72.55615828 -72.74133898 -73.05051601 -70.44495099 -72.15190369]
[-70.11665267 -70.36023042 -71.53960407 -71.55748445 -69.81227663]
[-71.80633635 -71.91501293 -73.08778687 -71.89364874 -71.84771458]
[-69.09372469 -68.75890191 -68.64557895 -68.69580374 -69.19342162]
[-68.73294948 -67.77417692 -68.52178186 -67.55836907 -67.39621875]
[-68.51259583 -68.58778997 -67.39328019 -66.66039169 -67.02075856]
[-67.02131211 -65.62081465 -65.60580301 -67.79197892 -67.70311545]
[-68.34643066 -67.77017095 -68.74019782 -67.07185294 -67.49836492]
[-65.71185724 -65.91409015 -65.25536316 -64.74693449 -66.12541407]
[-64.69591142 -65.58720666 -64.96542798 -64.7198294  -64.57415532]
[-66.91167111 -66.07030991 -67.40639547 -64.37026675 -65.24172924]
[-66.21765637 -68.04635779 -69.27782346 -65.59735389 -68.21912819]
[-66.22013567 -67.47197049 -66.0007273  -66.46042978 -67.48877751]
[-66.66721802 -66.04427655 -67.1238163  -67.86641377 -67.08049807]
[-65.22392978 -66.85673863 -65.44286872 -65.57485908 -66.00522341]
[-62.2613128  -64.01857458 -62.39525469 -63.0717179  -62.51794594]
[-62.05608063 -61.89241573 -62.41745322 -61.77704782 -61.25608787]
[-64.2163267  -64.14171961 -64.68922205 -65.84629973 -64.13197077]
[-62.24290365 -64.00428487 -62.74019529 -64.1991946  -63.45192454]
[-62.10502052 -62.97184023 -63.51750115 -63.31994984 -62.92616109]
[-63.64844764 -63.88432276 -63.03507443 -62.90641123 -64.09350599]
[-61.37767794 -59.32749511 -59.82751947 -59.70044639 -60.57088746]
[-61.21877661 -61.6046252  -63.52789507 -64.19175222 -61.77443289]
[-62.95889918 -62.77512471 -63.24180638 -64.56731763 -63.41346279]
[-62.56599288 -61.93441774 -61.04913303 -63.32169345 -61.83354835]
[-62.56004653 -61.22101902 -63.28280975 -62.1244008  -61.6336924 ]
[-62.67796479 -62.20548386 -62.27682193 -62.51227653 -64.25549047]
[-62.75641073 -62.44186977 -62.20329501 -63.04784715 -63.23785732]
[-62.11642299 -63.21438613 -61.6128761  -62.03162869 -62.41908487]
[-59.60373815 -61.49238578 -60.00689702 -60.79901423 -61.14012009]
[-59.06956581 -57.67892274 -58.56189408 -58.42298763 -58.35350934]
[-59.3510136  -59.72886058 -60.66339006 -60.75737651 -59.42426128]
[-58.74922288 -59.30127545 -59.05123604 -57.57130612 -58.61658955]
[-59.2409296  -59.47749367 -57.66373771 -57.73338946 -58.32583258]
[-60.29547202 -59.72250648 -58.94142503 -59.64193348 -61.69288963]
[-60.26080151 -60.77156837 -59.87996277 -59.57069754 -58.80822217]
[-60.29727617 -59.27547296 -60.03564679 -59.33751616 -59.32051831]
[-59.12455037 -60.35174039 -59.29586828 -59.97261974 -60.52769032]
[-61.02251478 -59.58137439 -58.30400339 -60.6150405  -60.76231587]
[-58.11764199 -60.14231643 -58.7191443  -59.25956495 -58.67590174]
[-61.22031355 -60.95114899 -60.12305177 -60.34719736 -61.29264199]
[-58.03130238 -56.77844148 -57.06562041 -57.20279326 -57.37065011]
[-60.15630299 -58.66942355 -58.80518523 -58.89892033 -60.28776455]
[-61.96883904 -60.75537598 -62.01883069 -61.09992773 -62.06640013]
[-57.78871472 -58.58259212 -58.40436948 -58.18128544 -57.94660323]
[-56.99705183 -56.37359944 -56.52167191 -57.06705075 -56.61435486]
[-58.16618697 -57.33475274 -57.7944882  -59.57216528 -56.67143958]
[-63.12052123 -62.47600885 -61.92705077 -61.95634425 -62.39749307]
[-60.14343836 -59.33875788 -59.86277423 -58.59898121 -58.8769091 ]
[-60.38845628 -58.77586435 -58.55140707 -59.58799379 -60.28980323]
[-60.52064279 -59.66869586 -59.82016854 -59.20750341 -59.64609369]
[-62.04278879 -62.27754592 -61.8038988  -61.63607266 -62.00436552]
[-59.16593013 -58.98270611 -57.89168351 -60.71091031 -59.97817537]
[-60.17436907 -60.15033564 -60.2449386  -59.56262849 -60.87380029]
[-61.64496627 -61.82602341 -61.69812888 -60.98663736 -60.08769384]
[-59.95076702 -59.93130562 -61.26966089 -58.87543188 -61.20920004]
[-61.97948631 -63.58469593 -62.93366046 -62.80984184 -62.51048973]
[-61.43069093 -62.57076394 -61.04208152 -62.14865131 -63.13929041]
[-62.30017384 -62.39894926 -63.51975107 -61.36043551 -62.21759203]
[-65.10170729 -62.71192144 -63.52624612 -66.07217057 -63.44203323]
[-64.72685971 -63.76328591 -65.13433743 -64.20207655 -66.08892922]
[-64.79725378 -65.21818792 -65.64580785 -65.35135658 -64.96033653]
[-62.78667152 -62.07989872 -62.37073917 -62.30789703 -63.48434427]
[-64.45698585 -64.98342976 -64.89422202 -64.2083906  -64.5820091 ]
[-65.94042552 -66.28066052 -66.79290041 -65.58356048 -65.79737491]
[-65.50412317 -64.70206367 -63.33988061 -65.08076201 -64.71665281]
[-67.80558486 -68.02301278 -68.01334433 -68.56783445 -68.35525538]
[-65.47769921 -65.68738114 -66.71067696 -66.84053493 -67.1967075 ]
[-65.04047241 -64.99098083 -63.10814713 -66.81283694 -65.24824334]
[-71.6257779  -69.75511089 -70.82862838 -69.76239337 -69.97085067]
[-68.43214543 -68.30125487 -66.74687297 -67.45734485 -68.11958007]
[-68.78922814 -67.85632676 -68.41186603 -67.20069979 -68.16730822]
[-66.83792401 -68.23355779 -65.90511717 -67.01656106 -67.05597102]
[-67.0227806  -66.42921681 -66.3947945  -66.99330137 -67.2494774 ]
[-66.62727729 -68.56513197 -66.72271511 -67.66508763 -67.07051199]
[-70.0540933  -68.08661514 -68.27598483 -70.97191735 -69.91604938]
[-70.01306852 -67.9626557  -69.59614258 -69.16346505 -66.86573484]
[-66.18846432 -66.97588061 -66.59740311 -64.95253191 -66.96982025]
[-70.47480233 -68.9560543  -69.40889915 -68.43568484 -67.75889795]
[-66.54370246 -66.12396538 -66.9922613  -66.24782622 -67.14123158]
[-68.24442458 -65.85783527 -67.21104683 -66.5332123  -67.29016277]
[-63.81111414 -63.62825093 -63.74283851 -66.1488737  -64.96664664]
[-67.29235237 -68.0767663  -66.64085672 -67.41924038 -66.59429154]
[-67.00933109 -67.1565296  -67.49459114 -67.1545054  -65.59303527]
[0, 0, 0, 0, 0]
[-67.16163585 -65.98584733 -65.86665229 -65.42996835 -64.11123307]
[-67.25210384 -66.54256981 -65.64014384 -67.58917594 -65.93127579]
[-62.64453366 -63.12311014 -63.45856007 -62.82359782 -63.92830916]
[-64.59751467 -66.04037339 -65.40720365 -64.27025052 -65.17434529]
[-65.33183574 -67.67507286 -67.30689164 -66.88600168 -66.9565055 ]
[-67.1240245  -68.35929148 -66.59170697 -67.06685619 -68.46184684]
[-66.50989922 -65.54216171 -66.36082277 -66.24055235 -67.34918276]
[-62.90180632 -64.75675717 -64.98961426 -63.48436046 -64.43153822]
[-64.11551792 -65.01574198 -63.74943372 -64.03004267 -65.70659023]
[-66.19292738 -66.80327049 -65.17776106 -65.44853591 -65.96179869]
