[0, 0, 0, 0, 0, 0, 0, 0]
[-41.14344185 -40.27525397 -40.92729275 -40.42833614 -39.2904422
 -39.02803902 -40.22212085 -39.75389072]
[-45.02694538 -44.62939956 -45.94287607 -45.67148197 -45.55520528
 -45.1138369  -44.52946255 -45.6367283 ]
[-48.70680154 -47.45477253 -48.11551609 -48.27323206 -48.79228989
 -48.20208008 -47.21218889 -48.98893804]
[-51.73063691 -49.7562898  -50.12667859 -52.59391129 -51.14822616
 -49.70380952 -50.41962667 -52.32363935]
[-49.88124374 -50.94484648 -50.70477947 -49.95017535 -50.23706791
 -48.37409626 -51.03814733 -50.33268466]
[-53.50185311 -53.66358298 -52.41240318 -53.04180838 -53.2804668
 -53.56007755 -53.00229979 -52.93868754]
[-53.61823887 -52.13129024 -53.6525542  -54.2300308  -54.05133159
 -53.45249602 -53.35501444 -54.44300012]
[-58.20303425 -56.2028623  -56.1796641  -56.82147771 -56.82586649
 -57.16341127 -57.64707956 -57.02649183]
[-55.13471929 -54.29986702 -56.25975294 -56.03190238 -54.49831852
 -54.95865653 -53.74960995 -54.62643622]
[-60.50904315 -60.19277566 -61.23464078 -60.4201142  -59.92373366
 -60.80814338 -60.84415232 -59.5420669 ]
[-53.28281407 -52.78679164 -53.61027732 -53.50246667 -53.39468123
 -52.4942628  -52.65969332 -53.09605496]
[-58.80189927 -59.54698571 -59.57061551 -58.3089803  -58.74098102
 -58.22262844 -58.50211522 -57.0937072 ]
[-53.51617986 -54.98941514 -53.34321171 -54.37274765 -54.58677692
 -54.33875784 -53.42168133 -55.65587844]
