[0, 0, 0, 0, 0]
[-28.5092159  -27.9134491  -27.84953267 -28.14532248 -28.8780042 ]
[0, 0, 0, 0, 0]
[-26.25077264 -29.44979312 -27.610205   -28.35662702 -28.97287179]
[0, 0, 0, 0, 0]
[-25.14036498 -25.72356495 -25.37953385 -24.29466689 -26.33595872]
[0, 0, 0, 0, 0]
[-26.10315139 -27.60103295 -26.05280158 -26.33906385 -28.66249946]
[0, 0, 0, 0, 0]
[-28.2839935  -27.48028591 -26.70702697 -27.46184901 -25.30865117]
[-28.86303515 -28.62570711 -27.703364   -28.09337285 -27.7931718 ]
[-29.60058523 -28.70209211 -28.22729287 -28.54898169 -27.22857409]
[-27.44407585 -29.29134192 -28.94862972 -27.77820415 -28.64330003]
[-29.47542627 -28.58522346 -29.53511859 -29.0351518  -28.61248844]
[-29.19536408 -30.35424634 -28.05977734 -27.62675246 -29.19298202]
[-29.79560506 -29.64753174 -29.67148918 -29.43785435 -30.47018968]
[-29.31782969 -30.89004762 -30.30321961 -29.15350026 -28.68939996]
[-29.73611839 -30.62473106 -30.92630653 -29.93938746 -30.24184314]
[-29.75017176 -29.53895843 -29.96962568 -30.50807738 -28.40764716]
[-30.7369723  -29.77859074 -31.29916143 -29.56089781 -28.4095993 ]
[-30.64326957 -31.2145755  -29.55396835 -31.50355423 -30.93420667]
[-31.73787757 -29.16795094 -31.57135886 -30.25773421 -29.80205865]
[-30.55634322 -31.04874625 -29.30341518 -30.63077993 -29.93661133]
[-31.4945129  -30.81660194 -28.8997217  -29.745467   -29.66429402]
[-30.46569208 -29.22837006 -29.67663889 -30.88207897 -31.75246948]
[-32.65541495 -31.94236396 -30.83661611 -33.36830126 -32.97001571]
[-32.35556868 -30.98703836 -32.09553825 -30.59175298 -30.16615434]
[-31.99363837 -31.35501557 -31.77784381 -31.93242941 -32.12351662]
[-33.0856788  -29.79527746 -31.19841797 -31.94737362 -31.18151528]
[-32.36064718 -29.8664072  -31.48395035 -30.2150222  -30.51528427]
[-34.3610414  -33.15410889 -34.31041531 -31.73304873 -33.28802136]
[-31.48575887 -32.44700112 -32.87046229 -33.4235835  -32.44326972]
[-32.35060322 -31.51566091 -32.09397607 -33.27272184 -31.25938471]
[-33.57097873 -32.28018418 -33.22304303 -34.09912415 -33.31366718]
[-31.67071468 -31.06138731 -31.70784695 -33.50779259 -32.75051807]
[-35.87464637 -33.19278834 -32.19113778 -33.55178074 -34.52223878]
[-33.03947252 -32.6492615  -30.96549815 -33.19156909 -32.53548632]
[-32.43022067 -33.17631716 -32.68836476 -32.54657092 -33.81725366]
[-32.66018724 -34.33148552 -35.42421384 -32.55974361 -35.12857578]
[-34.2435558  -34.69165622 -31.92102063 -33.87574066 -32.48410876]
[-33.76805849 -32.26086252 -35.07629292 -32.87352165 -33.00637874]
[-33.91907964 -36.19102491 -34.87260893 -33.49603498 -33.70558706]
[-35.29683949 -33.94445453 -34.57135548 -32.30308881 -34.98676223]
[-32.52858995 -33.70153684 -35.4386417  -32.96453194 -33.94767514]
[-33.96243173 -33.01924839 -32.90082091 -33.53335902 -35.01191053]
[-135.92063675 -135.36947707 -135.79071089 -136.00644759 -136.03372613]
[-136.28328976 -136.76531086 -136.37875242 -137.04029641 -136.59518215]
[-134.9747522  -136.43581195 -135.27454261 -135.47182744 -135.51620097]
[-135.79320712 -134.92051875 -134.90706091 -134.70698545 -135.65985515]
[-134.42292683 -133.76036191 -134.52081392 -134.69879343 -134.19607012]
[-151.05004606 -150.62388698 -151.19511623 -151.00697283 -151.23996898]
[-150.04198945 -150.37859571 -150.31533255 -150.58636157 -150.25010877]
[-150.92757432 -151.23110413 -151.15293746 -151.00354625 -151.55429953]
[-151.40458162 -151.45442575 -151.52292971 -151.86598029 -151.64033137]
[-148.42339445 -147.86917633 -147.70193675 -148.57107072 -147.82142979]
[-164.40377588 -164.11571307 -164.52323584 -164.32901463 -164.38721457]
[-163.94998017 -163.8631615  -164.03029584 -164.12807192 -164.15329548]
[-165.15271128 -165.25785618 -165.26934872 -165.29329921 -165.17914564]
[-160.44519015 -160.50463548 -160.46236674 -160.3897593  -160.63809819]
[-164.8929133  -164.77684724 -164.88083688 -164.85779102 -164.63106032]
