[0, 0, 0.0007719410768891356, 0, 0]
[0, 0, 0.0007719410768891356, 0, 0.0005875797876478603]
[0.001028912542703373, 0, 0.0017570279991643988, 0, 0.0013211969267762557]
[0.001028912542703373, 0, 0.0017570279991643988, 0, 0.0013211969267762557]
[0.001028912542703373, 0, 0.0017570279991643988, 0, 0.0013211969267762557]
[0.001028912542703373, 0.0004306034522904618, 0.0005167336401845153, 0, 0.0013211969267762557]
[0.001028912542703373, 0.0004306034522904618, 0.0009558695260080702, 0.0004616480113535115, 0.0013211969267762557]
[0.001028912542703373, 0.001171159530402745, 0.001934945850813971, 0.0014909162923146307, 0.0013211969267762557]
[0.001028912542703373, 0.0015433381635816495, 0.001934945850813971, 0.0020081919900024822, 0.0013211969267762557]
[0.002050471035231664, 0.0015433381635816495, 0.001934945850813971, 0.0020081919900024822, 0.0020495706102886127]
[0.002050471035231664, 0.0019279115908439103, 0.001934945850813971, 0.0020081919900024822, 9.115756070994605e-05]
[0.002050471035231664, 0.0023532510445041415, 0.001934945850813971, 0.0002650810454855254, 9.115756070994605e-05]
[0.002662441220413178, 0.0003927339698652551, 0.001934945850813971, 0.000881021028286325, 9.115756070994605e-05]
[0.002662441220413178, 0.0011943574601777367, 0.001934945850813971, 0.000881021028286325, 0.0008804245675018874]
[0.002662441220413178, 0.0011943574601777367, 0.001934945850813971, 0.000881021028286325, 0.0016403124992881114]
[0.00023744929796013208, 0.0011943574601777367, 0.0024209273127685123, 0.0013919161354926878, 0.0016403124992881114]
[0.001338853315609615, 0.0011943574601777367, 0.0024209273127685123, 0.0013919161354926878, 0.0016403124992881114]
[0.0007025403603220667, 0.001729477975262919, 0.0031284008488352884, 0.0013919161354926878, 0.002167184493832091]
[0.0007025403603220667, 0.001729477975262919, 0.0036429103334881187, 0.0019328017430696, 0.002167184493832091]
[0.0007025403603220667, 0.0024100537678895945, 0.0036429103334881187, 0.0019328017430696, 0.0028372696712663497]
[0.0022473313213152335, 0.0035287372190121436, 0.0012715912478688555, 0.001221859939156648, 0.0028372696712663497]
[0.0022473313213152335, 0.0047691009900276225, 0.0002437495772659704, 0.002945790272175918, 0.0028372696712663497]
[0.0022473313213152335, 0.001105986950800256, 0.0002437495772659704, 0.004105653974739441, 0.003658925296151196]
[0.003937473071173471, 0.001105986950800256, 0.0002437495772659704, 0.004105653974739441, 0.0023084556417252173]
[0.003937473071173471, 0.001105986950800256, 0.0002437495772659704, 0.004105653974739441, 0.0023084556417252173]
[0.002284178875752431, 0.00201071631840419, 0.0014398765558407394, 0.005363099924413426, 0.0031992392184978604]
[0.004004014469339086, 0.0032561609551076454, 0.0014398765558407394, 0.005363099924413426, 0.004425486169111588]
[0.004004014469339086, 0.0032561609551076454, 0.0014398765558407394, 0.005363099924413426, 0.0007395367988465807]
[0.004004014469339086, 0.004200458857411062, 0.0026883164066969388, 0.005363099924413426, 0.0002673899666300675]
[0.004004014469339086, 0.001391428387904083, 0.003791191849275101, 0.005363099924413426, 0.0002673899666300675]
[0.00126195820014043, 0.001391428387904083, 0.001973936335532535, 0.005363099924413426, 0.0002673899666300675]
[0.00126195820014043, 0.001391428387904083, 0.003586398443795765, 0.005363099924413426, 0.0002673899666300675]
[0.00126195820014043, 0.0026065765963052424, 0.003586398443795765, 0.005363099924413426, 0.0002673899666300675]
[0.00126195820014043, 0.0026065765963052424, 0.003586398443795765, 0.0043075031788404414, 0.0002673899666300675]
[0.00126195820014043, 0.0026065765963052424, 0.0009766084664948015, 0.0015528868605698774, 0.0002673899666300675]
[0.0025845626583265247, 0.003564360372307175, 0.0022428777566707025, 0.0015528868605698774, 0.0002673899666300675]
[0.00047581090143164907, 0.003564360372307175, 0.0033262352718267246, 0.0015528868605698774, 0.0010741915015507852]
[0.00047581090143164907, 0.002522074205385917, 0.002573436537605542, 0.0015528868605698774, 8.675266727846019e-05]
[0.00047581090143164907, 0.003493525411809517, 0.002573436537605542, 0.0015528868605698774, 8.731587114178103e-05]
[0.001545689965986194, 0.0010615501998613606, 0.00359774504893896, 0.0015528868605698774, 0.0008501422397363993]
[0.0003498149695028681, 0.0010615501998613606, 0.002515430521345407, 0.0015528868605698774, 0.0008501422397363993]
[0.0008188510221554695, 0.0010615501998613606, 0.002515430521345407, 0.0015528868605698774, 0.0011845660831769744]
[0.0008188510221554695, 0.00014594177283970815, 0.003032113629358806, 0.0020960575214394764, 0.0015693520091349276]
[0.0008188510221554695, 0.00032410485179445894, 0.003032113629358806, 0.00037616555212144614, 0.0015693520091349276]
[0.0008188510221554695, 0.00032410485179445894, 0.003032113629358806, 0.0009358734016671967, 0.001965852996151788]
[0.0008188510221554695, 0.00032410485179445894, 0.0034797432233546004, 0.0014064505477448673, 0.001965852996151788]
[0.0008188510221554695, 0.00032410485179445894, 0.0014713647176478133, 0.0014064505477448673, 0.001965852996151788]
[0.0012602572437201362, 0.00032410485179445894, 0.0018939696313092131, 0.0018507201332608112, 0.001965852996151788]
[0.0012602572437201362, 0.00032410485179445894, 0.0018939696313092131, 0.0018507201332608112, 0.001965852996151788]
[0.0012602572437201362, 0.00032410485179445894, 0.0018939696313092131, 0.0018507201332608112, 0.0008469218917227218]
[0.0012602572437201362, 0.00032410485179445894, 0.0018939696313092131, 0.0018507201332608112, 0.0008469218917227218]
[0.0012602572437201362, 0.00032410485179445894, 0.0018939696313092131, 0.0018507201332608112, 0.0008469218917227218]
[0.0012602572437201362, 0.00032410485179445894, 0.0018939696313092131, 0.00037068232111724694, 0.0008469218917227218]
[0.0012602572437201362, 0.00032410485179445894, 0.0018939696313092131, 0.00037068232111724694, 0.0008469218917227218]
[0.0012602572437201362, 0.00032410485179445894, 0.0018939696313092131, 0.00037068232111724694, 0.0008469218917227218]
[0.0012602572437201362, 0.00032410485179445894, 0.0018939696313092131, 0.00037068232111724694, 0.0008469218917227218]
[0.0012602572437201362, 0.00032410485179445894, 0.0018939696313092131, 0.00037068232111724694, 0.0008469218917227218]
[0.0012602572437201362, 0.00032410485179445894, 0.0018939696313092131, 0.00037068232111724694, 0.0008469218917227218]
[0.0012602572437201362, 0.00032410485179445894, 0.0018939696313092131, 0.00037068232111724694, 0.0008469218917227218]
[2.1489836816928872e-05, 0.00032410485179445894, 0.0018939696313092131, 0.00037068232111724694, 0.0008469218917227218]
[2.1489836816928872e-05, 0.00032410485179445894, 0.0018939696313092131, 0.00037068232111724694, 0.0008469218917227218]
