[0, 0, 0, -0.004477185, -0.0030457715]
[-0.0039107287, -0.003629826, -0.0034562983, 0, -0.0016555666225031018]
[-0.0034788968041539192, 0, 0, -0.003929932, -0.0018488384084776044]
[0, -0.0036511319, -0.0029750166, -0.0034345645, -0.003709192]
[0, 0, -0.0017628225, 0, 0]
[-0.0044315713, -0.0010148280998691916, 0, -0.004022886, -0.003763775]
[-0.003841369, 0, -0.00310348067432642, 0, 0]
[-0.0015170625, 0, -0.002379364101216197, 0, 0]
[0, 0, 0, -0.0030030084, -0.003522624]
[-0.0040470385, -0.0033531364, 0, 0, -0.0038621947169303894]
[-0.0041581793, -0.0028590539004653692, -0.0028309824, -0.004192286, 0]
[-0.0014309012, -0.002854865, -0.0035056563, 0, -0.0044803554]
[-0.0034876273, 0, 0, -0.0024898932, 0]
[-0.0039365017, 0, -0.0027190852, -0.0035093485, 0]
[0, 0, 0, 0, -0.0033144853077828884]
[0, -0.0029440792, 0, -0.0021968213841319084, 0]
[0, -0.0027261525, 0, 0, -0.0025926994]
[0, -0.0020908478181809187, 0, -0.004431087, 0]
[0, -0.0022047388, 0, -0.0023719084, -0.004087385]
[-0.0010588254, 0, 0, -0.0019066072, -0.0033505584578961134]
[0, 0, 0, 0, 0]
[0, -0.0043939757, 0, -0.003536938, 0]
[0, 0, -0.004245096, -0.0027597859, -0.003758035134524107]
[-0.0034895027, -0.0035239942, -0.004106316, 0, 0]
[0, 0, -0.00399644, -0.0030811056, -0.0025921415]
[0, -0.00214882823638618, -0.0032970502506941557, 0, 0]
[0, -0.0043673497, -0.002500402, 0, -0.0018958116]
[0, -0.002514235, -0.003013324, 0, 0]
[0, 0, 0, 0, 0]
[-0.0044407346, 0, -0.0030076094, 0, -0.0029262116]
[0, 0, 0, 0, -0.0026766052]
[-0.0024083036, -0.00316419, 0, -0.0022001888, -0.001425083]
[-0.0027939845, -0.0043931603, 0, 0, 0]
[0, 0, 0, 0, -0.0026925404]
[0, -0.004313319, 0, 0, 0]
[-0.004010994, 0, 0, 0, 0]
[0, -0.00404925, 0, 0, -0.0038143754936754704]
[0, 0, 0, -0.0030825115, 0]
[-0.0015408173, 0, 0, 0, 0]
[0, 0, -0.002712696, -0.0018882855, -0.0017330240225419402]
[0, 0, 0, -0.0023794996, -0.0021267284]
[-0.0043793647, -0.0021233365, -0.003981106, 0, -0.002141611883416772]
[-0.0030091247, 0, 0, -0.0024832175113260746, 0]
[-0.003926394, 0, -0.0042163352, 0, -0.0035507919]
[-0.0044871536, -0.0038617433, 0, -0.0019701833371073008, 0]
[-0.0034852782, 0, -0.003792745992541313, -0.0023203114978969097, 0]
[-0.004462673, 0, 0, 0, -0.004423747]
[-0.002145154168829322, 0, 0, -0.0013130713, -0.002112952]
[0, -0.0024384202, -0.0033757982309907675, -0.0032480196096003056, -0.0035783863]
[-0.001439702115021646, -0.0010191124, -0.0040520923, 0, 0]
[0, 0, 0, 0, -0.0026613635]
[-0.00242851, -0.0039656954, 0, 0, -0.004400887]
[-0.0026945444, -0.0031825087, -0.003815582, 0, -0.0029649013]
[-0.00257843523286283, 0, -0.0021732186432927847, -0.003415268, -0.0020219537]
[0, -0.0011543325, -0.0024265503, -0.0037604938, -0.0034839949]
[-0.0040253098122775555, -0.0040963185, -0.002497848, -0.0025715653, 0]
[0, 0, 0, 0, -0.0026009495]
[0, 0, 0, -0.0030618988, 0]
[-0.0021774156, -0.002746226, 0, 0, -0.0041735093]
[0, 0, -0.0021102543, 0, -0.0035932001]
[-0.00095026696, 0, -0.0035656404, 0, 0]
