0.001970279425667464
0.0041801412111565316
0.0028079671626232102
0.002331216759918444
0.0008667805462374157
0.002483845162233623
0.0015658259955514998
0.000408153036171648
0.000900203941044292
0.0006313801033153224
0.0010100255914966669
0.0020199704499635485
0.0020199704499635485
0.0031341138028277466
0.005220234486812106
0.0057278368216105635
0.0011787006379811032
0.0011787006379811032
0.0021052660883818432
0.0005073660004724758
0.001608805703382122
0.0012897840425756678
0.0012897840425756678
0.0024948592105726412
0.00207608158451642
0.0019525810453661328
6.508976337955049e-06
0.002928111350849723
0.0013148294973366406
0.001084226910729833
0.0010791507663293085
0.002020133264669296
0.003698132493782335
0.0022836898239525115
0.00025395510578288087
0.001585139184604916
0.0035434671222031116
0.003522880712500629
0.003925257647513772
0.001581471725713596
0.000746535801237768
0.0005575437339772457
0.0014880236006679904
0.001969595464370523
0.001485611136745518
0.0019531553638922
0.0019366765765292376
0.0011610687385545174
0.0011610687385545174
0.0011610687385545174
0.0011610687385545174
0.0011610687385545174
0.0011610687385545174
0.00014013698336193953
0.00014013698336193953
0.00014013698336193953
0.00014013698336193953
0.00014013698336193953
0.00014013698336193953
0.00014013698336193953
0.00014013698336193953
