[0, 0, 0, 0, 0]
[-27.40544588 -27.72862595 -27.36236469 -27.11729143 -27.05554374]
[0, 0, 0, 0, 0]
[-27.54326404 -27.05509785 -26.86247557 -26.42552606 -28.42312378]
[0, 0, 0, 0, 0]
[-27.7498854  -25.23904158 -25.72972306 -26.73040265 -25.61176595]
[0, 0, 0, 0, 0]
[-26.56809256 -26.92044636 -27.65857091 -25.66635468 -25.57114898]
[0, 0, 0, 0, 0]
[-28.22840941 -27.91920051 -26.48669773 -27.31862041 -28.79713249]
[-29.15190111 -29.33602021 -28.43560776 -27.56123924 -29.18316688]
[-29.73677629 -28.84067486 -30.0937028  -28.60741247 -28.96001643]
[-30.59360668 -29.60259121 -31.00154135 -30.99666678 -31.09456407]
[-30.28098139 -31.66238582 -31.0146479  -31.73102069 -31.41029726]
[-30.21000402 -31.53444745 -31.88275105 -31.96719055 -29.83690367]
[-36.88686321 -37.89912646 -37.61486286 -37.30460973 -38.09235039]
[-37.72382338 -37.29665399 -36.77243214 -38.3112907  -36.75952381]
[-37.75169226 -37.60109813 -37.78864873 -37.40002552 -38.02633684]
[-36.34143584 -35.91186198 -36.61939441 -34.95390699 -34.33461857]
[-37.78622651 -38.53104127 -38.43799472 -37.64062287 -38.06747086]
[-44.45634128 -45.98508983 -45.67119668 -45.95940455 -44.93121731]
[-44.32491735 -41.89727372 -42.6966384  -44.40056806 -44.02900582]
[-44.99796854 -44.64765959 -44.16178167 -44.76385165 -44.15624643]
[-45.51702864 -44.90666774 -45.62903469 -45.06163256 -44.41930713]
[-44.89320839 -45.7007789  -44.4513524  -45.97088844 -44.31632509]
