0.0011552194907902455
0.0011552194907902455
0.0006073310189602791
0.002164984725134954
0.0019584082853839535
0.0024621488816320733
0.0037148531445937074
0.0022471353461924527
0.0028242370511352335
0.0020271083657973535
0.0005283164055200715
0.002342471293133572
0.0014395767231342354
0.007642729415478346
0.0019353005564104902
0.0016983148984678052
0.0013990976930976886
0.0014608126620144148
0.0010161377588677007
0.0006481952490398164
0.003175773216157806
0.0021807884363344338
0.0006614307795720113
0.0017964489058697475
0.003611034953765368
1.0271796755289414e-05
0.0014600543466411395
0.001168842419712564
0.004176860762926757
0.001278595219334466
0.0011189470900180845
0.0025230562824380344
0.00746144679840523
0.004607144342229231
0.003667406744283153
0.0016471872935655127
0.0014839011505153256
0.0035480149650085587
0.005579369157531744
0.002657314540325581
0.001691501857075572
0.000819943975852477
0.0001586859071716633
0.0011893110705851653
0.0004833627650386637
0.0012304417141022741
0.0017405644488629034
0.0004154959634654603
0.0004154959634654603
0.0004154959634654603
0.0004154959634654603
0.0004154959634654603
0.0004154959634654603
0.0004154959634654603
0.0004154959634654603
0.0004154959634654603
0.0004154959634654603
0.0004154959634654603
0.0004154959634654603
0.0004154959634654603
0.0004154959634654603
0.0004154959634654603
0.0004154959634654603
0.0004154959634654603
0.0004154959634654603
0.0004154959634654603
0.0004154959634654603
0.0004154959634654603
0.0004154959634654603
0.0004154959634654603
0.0004154959634654603
0.0004154959634654603
0.0004154959634654603
0.0004154959634654603
0.0004154959634654603
0.0004154959634654603
0.0004154959634654603
0.0004154959634654603
0.0004154959634654603
0.0004154959634654603
0.0004154959634654603
0.0004154959634654603
0.0004154959634654603
0.0004154959634654603
0.0004154959634654603
0.0004154959634654603
0.0004154959634654603
0.0004154959634654603
0.0004154959634654603
0.0004154959634654603
0.0004154959634654603
0.0004154959634654603
0.0004154959634654603
0.0004154959634654603
0.0004154959634654603
0.0004154959634654603
0.0013994392517430202
0.004128379923257659
0.0015088761424244144
0.0008050796695331496
0.0009278649070666263
0.002778586339518976
0.002311814045807256
0.002938740307666127
0.002879693297017424
0.0023173207943362156
0.00017935072701294615
0.0015268316430377639
0.001242175942041167
0.0022897674511386406
0.002041834738158179
0.0029313237438139987
0.0024986207481253065
0.004476928369316487
0.0035287899022701415
0.0016079672752576943
0.004029981156099749
0.007454591191907247
0.0015742111549998006
0.004020705959230545
0.007038987425622033
0.006925139830776287
0.005123669280162193
0.0007509273445295894
0.0030914264228080624
0.002333288393763474
0.003532333872420104
0.00237668434116909
0.006480569859240578
0.005681907968735366
0.0036784268800592905
0.0028260687107315176
0.001075245427733912
0.00335725205179561
0.0024175163204018775
3.821908603881402e-05
0.0025159042367379186
0.002069560811124461
0.0013518604084147602
0.0024142571967505364
0.0017529772622263433
0.002023320741175819
0.0005775793334563662
0.002451598624032978
0.002451598624032978
0.0005008904061141054
0.0005008904061141054
0.0005008904061141054
0.0005008904061141054
0.0005008904061141054
0.0005008904061141054
0.0005008904061141054
0.0005008904061141054
0.0005008904061141054
0.0005008904061141054
0.0005008904061141054
0.0005008904061141054
0.0005008904061141054
0.0005008904061141054
0.0005008904061141054
0.0005008904061141054
0.0005008904061141054
0.0005008904061141054
0.0005008904061141054
0.0005008904061141054
0.0005008904061141054
0.0005008904061141054
0.0005008904061141054
0.0005008904061141054
0.0005008904061141054
0.0005008904061141054
0.0005008904061141054
0.0005008904061141054
0.0005008904061141054
0.0005008904061141054
0.0005008904061141054
0.0005008904061141054
0.0005008904061141054
0.0005008904061141054
0.0005008904061141054
0.0005008904061141054
0.0005008904061141054
0.0005008904061141054
0.0005008904061141054
0.0005008904061141054
0.0005008904061141054
0.0005008904061141054
0.0005008904061141054
0.0005008904061141054
0.0005008904061141054
0.0005008904061141054
0.0005008904061141054
0.00027107710890864273
0.00034958970168382907
0.0018709677837152085
0.00044252357806892064
0.0019215652390858215
0.0009611213377850867
0.002727637537969998
0.0018768952047566768
0.0023165316228707846
0.0020651370270949676
0.00043563831395444265
0.0033377934295463294
0.001167022652638164
0.0017869588765231947
0.0006870903791803143
0.001700589031843177
0.0018593204030039633
0.0011090742778068034
0.0029528647784411973
0.0024408882022056893
0.003194554284122018
0.0025928926403858445
0.003671838214156521
0.006723875219929124
0.0013446269470280357
0.0022428554705106493
0.0013673509824671333
0.00256555232268238
0.002179258829255927
0.002572630121352705
0.0006410363646844977
0.0007503222802816454
0.0007503222802816454
0.003706605845181406
0.007535707807698942
0.004060054573809069
0.0013557971954544007
0.002549452429220729
0.0005829174533148029
0.002555542724379222
0.0011799157807952491
0.0019616288604589745
0.00238671984757198
0.0013125620555995816
0.0003172469098984116
0.0016521890086555193
0.0008806198778527556
0.001311819881695004
0.001311819881695004
0.00014458084248998929
0.00014458084248998929
0.00014458084248998929
0.00014458084248998929
0.00014458084248998929
0.00014458084248998929
0.00014458084248998929
0.00014458084248998929
0.00014458084248998929
0.00014458084248998929
0.00014458084248998929
0.00014458084248998929
0.00014458084248998929
0.00014458084248998929
0.00014458084248998929
0.00014458084248998929
0.00014458084248998929
0.00014458084248998929
0.00014458084248998929
0.00014458084248998929
0.00014458084248998929
0.00014458084248998929
0.00014458084248998929
0.00014458084248998929
0.00014458084248998929
0.00014458084248998929
0.00014458084248998929
0.00014458084248998929
0.00014458084248998929
0.00014458084248998929
0.00014458084248998929
0.00014458084248998929
0.00014458084248998929
0.00014458084248998929
0.00014458084248998929
0.00014458084248998929
0.00014458084248998929
0.00014458084248998929
0.00014458084248998929
0.00014458084248998929
0.00014458084248998929
0.00014458084248998929
0.00014458084248998929
0.00014458084248998929
0.00014458084248998929
0.00014458084248998929
0.00014458084248998929
0.0023821948681736257
0.0023220983738821595
0.0001332155693370776
0.0021568645794549537
0.0021568645794549537
0.0008185595111627271
0.0003181747068849278
0.001391235419861664
0.0026002700235117863
0.004016569512442244
0.002746854102246829
0.0003590597248724313
0.0010345744462592929
0.00042671775762870333
0.001433128245727115
0.0020933459384023484
0.004416066091611394
0.0014572725965009115
0.0005913194823868935
0.0005913194823868935
0.003345329504653088
0.002383039814147375
0.0030417820136641313
0.00047806805876781343
0.0011824241568424015
0.0036827046281080107
0.0031815842158582673
0.0009653469183979989
0.001515339590886562
0.00282472050021271
0.005467422334424383
0.00551929765732608
0.0018487659975910823
0.001100323023079021
0.0058973668875659125
0.0035925311616894348
0.0018132768355577185
0.0004725965945995428
0.00046948287697428466
0.0020587465615974515
0.0017068426744019228
0.0023484355780688314
0.0009686203381487058
0.0020705948011773556
0.0009941951543364995
0.0013272018753754005
0.0028877538914421534
0.002709530326983277
3.8708593210522516e-05
3.8708593210522516e-05
3.8708593210522516e-05
3.8708593210522516e-05
3.8708593210522516e-05
3.8708593210522516e-05
3.8708593210522516e-05
3.8708593210522516e-05
3.8708593210522516e-05
3.8708593210522516e-05
3.8708593210522516e-05
3.8708593210522516e-05
3.8708593210522516e-05
3.8708593210522516e-05
3.8708593210522516e-05
3.8708593210522516e-05
3.8708593210522516e-05
3.8708593210522516e-05
3.8708593210522516e-05
3.8708593210522516e-05
3.8708593210522516e-05
3.8708593210522516e-05
3.8708593210522516e-05
3.8708593210522516e-05
3.8708593210522516e-05
3.8708593210522516e-05
3.8708593210522516e-05
3.8708593210522516e-05
3.8708593210522516e-05
3.8708593210522516e-05
3.8708593210522516e-05
3.8708593210522516e-05
3.8708593210522516e-05
3.8708593210522516e-05
3.8708593210522516e-05
3.8708593210522516e-05
3.8708593210522516e-05
3.8708593210522516e-05
3.8708593210522516e-05
3.8708593210522516e-05
3.8708593210522516e-05
3.8708593210522516e-05
3.8708593210522516e-05
3.8708593210522516e-05
3.8708593210522516e-05
3.8708593210522516e-05
3.8708593210522516e-05
3.8708593210522516e-05
0.002349419067712613
0.002627157963160084
0.0011535070580001193
0.0029445210584972473
0.0007314790699790315
0.0021364981548131568
0.0021364981548131568
0.0011028064481452744
0.001179719087057927
0.0019488463639421917
0.0030582161655038054
0.001746811534962004
0.0031094141190807735
0.0015551570782253617
0.002098768270405474
0.0010314220887968702
7.147637372733077e-05
0.00068995319936317
0.0017898455556747644
0.005915808216259564
0.002737831540386684
0.001169321112447756
0.00268634322197473
0.002499942895062857
0.0014208912561094692
0.001843580730185829
0.0031811579310057018
0.0010545047760584536
0.00605114184948412
0.004143144915478894
0.0029719550894970383
0.003364435576384519
0.0038264067082200573
0.0006077957898800463
0.0036261364521550797
0.005950635886658417
0.0032557966674831556
0.00026621470026587206
0.0012220869819223163
0.0019493804761453824
0.002999407641014736
0.002547690826924308
0.003824481430507249
0.0022922080874440342
0.0010034736081279527
0.0013583959977072077
0.00145265751523196
0.0009012609638835857
0.0009012609638835857
0.0009012609638835857
0.0009012609638835857
0.0009012609638835857
0.0009012609638835857
0.0009012609638835857
0.0009012609638835857
0.0009012609638835857
0.0009012609638835857
0.0009012609638835857
0.0009012609638835857
0.0009012609638835857
0.0009012609638835857
0.0009012609638835857
0.0009012609638835857
0.0009012609638835857
0.0009012609638835857
0.0009012609638835857
0.0009012609638835857
0.0009012609638835857
0.0009012609638835857
0.0009012609638835857
0.0009012609638835857
0.0009012609638835857
0.0009012609638835857
0.0009012609638835857
0.0009012609638835857
0.0009012609638835857
0.0009012609638835857
0.0009012609638835857
0.0009012609638835857
0.0009012609638835857
0.0009012609638835857
0.0009012609638835857
0.0009012609638835857
0.0009012609638835857
0.0009012609638835857
0.0009012609638835857
0.0009012609638835857
0.0009012609638835857
0.0009012609638835857
0.0009012609638835857
0.0009012609638835857
0.0009012609638835857
0.0009012609638835857
0.0009012609638835857
0.0009012609638835857
0.0009012609638835857
0.0023954669482958947
0.00033110163077236434
0.0017192989532373144
0.00349482624498393
0.001610014251861913
0.0004715192091170971
0.0024617404303872116
0.0005428289364440906
0.0009850661694160408
4.779400068479975e-06
0.0006936995490868349
0.0006936995490868349
0.001710120612563571
0.002578040739926706
0.0010150897111471996
0.0011224335355169395
0.0017631715063389564
0.0005894117559001591
0.00215551846738613
0.0032502285751098044
0.00680400804354284
0.003060817451201457
0.0033889564139738277
0.003587646291664366
0.0027396238074636056
0.0006750233502914472
0.0011973675711862532
0.0040408232439093925
0.0011124302778046102
0.002017346394283556
0.0029081889117999133
0.005828121896672828
0.002032733127977088
0.0037585614361387836
0.002696379437485338
0.0015055270023885134
0.0022749925350905123
0.005133812279798497
0.0036003889576132794
0.003919132136810967
0.0018111505190902318
0.0018745357568031881
0.0012972249919550414
0.0021840671998416073
0.0011886288824017048
0.0022576191999950255
0.002788582488656125
0.00013682963920047552
0.00013682963920047552
0.00013682963920047552
0.00013682963920047552
0.00013682963920047552
0.00013682963920047552
0.00013682963920047552
0.00013682963920047552
0.00013682963920047552
0.00013682963920047552
0.00013682963920047552
0.00013682963920047552
0.00013682963920047552
0.00013682963920047552
0.00013682963920047552
0.00013682963920047552
0.00013682963920047552
0.00013682963920047552
0.00013682963920047552
0.00013682963920047552
0.00013682963920047552
0.00013682963920047552
0.00013682963920047552
0.00013682963920047552
0.00013682963920047552
0.00013682963920047552
0.00013682963920047552
0.00013682963920047552
0.00013682963920047552
0.00013682963920047552
0.00013682963920047552
0.00013682963920047552
0.00013682963920047552
0.00013682963920047552
0.00013682963920047552
0.00013682963920047552
0.00013682963920047552
0.00013682963920047552
0.00013682963920047552
0.00013682963920047552
0.00013682963920047552
0.00013682963920047552
0.00013682963920047552
0.00013682963920047552
0.00013682963920047552
0.00013682963920047552
0.00013682963920047552
0.00013682963920047552
0.00013682963920047552
0.0031607363944796477
0.001856924673376623
0.0026607501041852324
0.0005415321049057334
0.0010157076186452616
0.00043180253509568587
0.00043180253509568587
0.0030108416766301584
0.0023508118574928315
0.0022051651916490233
0.0005228438766592241
0.00267755786889558
0.001908978994451518
0.001908978994451518
0.004779071941907599
0.003772339558781702
0.002716554664134044
0.00172077916060269
0.0005336349387364799
0.001808580863432654
0.0020347883390420375
0.0019468566280151204
0.0025638276040839017
0.001450105202473892
0.001486731129364502
0.0024245837902239454
0.004020693959222171
0.0011675895580884298
0.002391548659954597
0.005877775391937996
0.0008220634533813217
1.848001314799872e-05
0.0015671666279667596
0.0016962375109546468
0.0022059110774121024
0.0018970766816147865
0.002272411597530081
0.002600631930827797
0.0016863950683359565
0.0045752600393473095
0.004931882346578211
0.0011720856494269857
0.0013953108270454355
0.002879946908143055
0.00015655342509356563
0.0006426387867546534
0.0017970820712005342
0.0019082756155728957
0.0019082756155728957
0.0009350943403876981
0.0009350943403876981
0.0009350943403876981
0.0009350943403876981
0.0009350943403876981
0.0009350943403876981
0.0009350943403876981
0.0009350943403876981
0.0009350943403876981
0.0009350943403876981
0.0009350943403876981
0.0009350943403876981
0.0009350943403876981
0.0009350943403876981
0.0009350943403876981
0.0009350943403876981
0.0009350943403876981
0.0009350943403876981
0.0009350943403876981
0.0009350943403876981
0.0009350943403876981
0.0009350943403876981
0.0009350943403876981
0.0009350943403876981
0.0009350943403876981
0.0009350943403876981
0.0009350943403876981
0.0009350943403876981
0.0009350943403876981
0.0009350943403876981
0.0009350943403876981
0.0009350943403876981
0.0009350943403876981
0.0009350943403876981
0.0009350943403876981
0.0009350943403876981
0.0009350943403876981
0.0009350943403876981
0.0009350943403876981
0.0009350943403876981
0.0009350943403876981
0.0009350943403876981
0.0009350943403876981
0.0009350943403876981
0.0009350943403876981
0.0009350943403876981
0.0009350943403876981
0.0016181219350053344
0.002675742763463773
0.0010528936792210454
0.0036915697917200415
0.004153806817419731
0.0013963879503506036
0.0008407118102756305
0.0016797958561736727
0.0019562996290038988
0.0007092601860759088
0.0025494620695819792
0.0005631310113856268
0.0011606761938843689
0.0007962543791667363
0.0034179403098648616
0.0006472074743957214
0.0019290394267361983
0.0001955317433763664
0.0021248443802976457
0.0036828007772033156
0.0031940944858008286
0.00010966822772985217
0.002012967865810631
0.00036635127156755144
0.002333501487223444
0.0003463522207769647
0.0012824020345908248
0.0004191396866575891
0.0012213710109834006
0.0026986025679244705
0.0018653802331785798
0.0036533474675959363
0.003963662102522358
0.0010603924267111697
0.002114183888936397
0.0014245324474178051
0.0031200168093384615
0.004639614548177387
0.0018815806528912453
0.0016761443019132957
0.002012172992981524
0.0020085814049543528
0.0014085465591184448
0.0014226419428114375
0.0006454078261851205
0.001103675476332223
0.0007550827560391368
0.0027733940671994103
0.001471211625622095
0.00018787868729370962
0.00018787868729370962
0.00018787868729370962
0.00018787868729370962
0.00018787868729370962
0.00018787868729370962
0.00018787868729370962
0.00018787868729370962
0.00018787868729370962
0.00018787868729370962
0.00018787868729370962
0.00018787868729370962
0.00018787868729370962
0.00018787868729370962
0.00018787868729370962
0.00018787868729370962
0.00018787868729370962
0.00018787868729370962
0.00018787868729370962
0.00018787868729370962
0.00018787868729370962
0.00018787868729370962
0.00018787868729370962
0.00018787868729370962
0.00018787868729370962
0.00018787868729370962
0.00018787868729370962
0.00018787868729370962
0.00018787868729370962
0.00018787868729370962
0.00018787868729370962
0.00018787868729370962
0.00018787868729370962
0.00018787868729370962
0.00018787868729370962
0.00018787868729370962
0.00018787868729370962
0.00018787868729370962
0.00018787868729370962
0.00018787868729370962
0.00018787868729370962
0.00018787868729370962
0.00018787868729370962
0.00018787868729370962
0.00018787868729370962
0.00018787868729370962
0.00018787868729370962
0.0009444378315253187
0.001982155485761671
0.0016808689145925862
0.00024449328069949547
0.00011269843336658312
0.0012012831620540872
0.003939703237021704
0.005486403626474035
0.0026945784564580445
0.0019698675400609527
0.0031200690808818195
0.0022768020660760323
0.0005682136866398107
0.0005682136866398107
0.0026437880317995506
0.0019671493579429787
0.0007011545254442623
0.001569161802460705
0.001053083158907981
0.0019741090605971505
0.002018595301809318
0.005977904677739667
0.0003907719766920465
0.0008556476617011292
0.001032053858337591
2.9904291408280187e-05
0.0039623618876501055
0.005476840917286308
0.0021734477194627266
0.0003255735555212271
0.0020695902545442377
0.0027817132481171357
0.00342907060887069
0.004440322011262427
0.002223409684910805
0.0008888996104492607
0.0020109553695217526
0.003097785542316327
0.0026847986580397862
0.0017109046260587856
0.003054239959727477
0.002583696245215737
0.0006222877408022655
0.0013440345599961432
0.0006968423889265178
0.000859056743966882
0.0022716911821390323
0.00046909557123130596
0.00046909557123130596
0.00046909557123130596
0.00046909557123130596
0.00046909557123130596
0.00046909557123130596
0.00046909557123130596
0.00046909557123130596
0.00046909557123130596
0.00046909557123130596
0.00046909557123130596
0.00046909557123130596
0.00046909557123130596
0.00046909557123130596
0.00046909557123130596
0.00046909557123130596
0.00046909557123130596
0.00046909557123130596
0.00046909557123130596
0.00046909557123130596
0.00046909557123130596
0.00046909557123130596
0.00046909557123130596
0.00046909557123130596
0.00046909557123130596
0.00046909557123130596
0.00046909557123130596
0.00046909557123130596
0.00046909557123130596
0.00046909557123130596
0.00046909557123130596
0.00046909557123130596
0.00046909557123130596
0.00046909557123130596
0.00046909557123130596
0.00046909557123130596
0.00046909557123130596
0.00046909557123130596
0.00046909557123130596
0.00046909557123130596
0.00046909557123130596
0.00046909557123130596
0.00046909557123130596
0.00046909557123130596
0.00046909557123130596
0.00046909557123130596
0.00046909557123130596
0.00046909557123130596
0.00046909557123130596
0.00016992184881449912
0.002017675533637196
0.0021755951705020584
0.0010075139491740376
0.00038416735208457366
0.002146420254557577
0.00435460361130529
0.009571531037206572
0.0003916196118330176
0.003022424044706472
0.00010372664451698725
0.0021299906266995464
0.0008198508813105345
0.002146525908987095
0.003388140965409429
0.0006099241610216188
0.0009590944479747784
0.002539345352023971
0.007102341599860659
0.002519446736382795
0.0035518527472242884
0.0010759872323397256
0.0013935127416357905
0.006736621549972894
0.0043948868447778
0.0014823224366262238
0.0026451675692885745
0.0007482006220459569
0.0058437288910295395
0.0047767791072331305
0.00246355191185909
0.0032388439217243712
0.005278496392135616
0.00733664125025184
0.004114732357951135
0.0026853146915717923
0.003191824752651005
0.006166853972962471
0.008357121973104344
0.009667073410936035
0.003789197485164731
0.00047972176151069934
0.0022883127327218145
0.0013164445980728984
0.0015334240280322753
0.00038885079393418624
0.0012799838250229297
0.001050951327925903
0.001050951327925903
0.001050951327925903
0.001050951327925903
0.001050951327925903
0.001050951327925903
0.001050951327925903
0.001050951327925903
0.001050951327925903
0.001050951327925903
0.001050951327925903
0.001050951327925903
0.001050951327925903
0.001050951327925903
0.001050951327925903
0.001050951327925903
0.001050951327925903
0.001050951327925903
0.001050951327925903
0.001050951327925903
0.001050951327925903
0.001050951327925903
0.001050951327925903
0.001050951327925903
0.001050951327925903
0.001050951327925903
0.001050951327925903
0.001050951327925903
0.001050951327925903
0.001050951327925903
0.001050951327925903
0.001050951327925903
0.001050951327925903
0.001050951327925903
8.812490457890676e-05
8.812490457890676e-05
8.812490457890676e-05
8.812490457890676e-05
8.812490457890676e-05
8.812490457890676e-05
8.812490457890676e-05
8.812490457890676e-05
8.812490457890676e-05
8.812490457890676e-05
8.812490457890676e-05
8.812490457890676e-05
8.812490457890676e-05
8.812490457890676e-05
8.812490457890676e-05
0.0007932076592083348
0.0007932076592083348
0.0017375422296780738
0.0037648020652447
0.0006007764377091033
0.0006007764377091033
0.001335827226106038
0.00014573486260858678
0.0014182636682726951
0.001961461741356606
0.0014790356428063386
0.0015900474517336343
0.00336553830841899
0.005058667859929056
0.0074955233522943955
0.008956424301697045
0.006017735337990843
0.0011912569107148281
0.002378099837667009
0.003073397026919899
0.0015743572552117204
0.003922757155024051
0.006118057847979719
0.003930738105747244
0.005268774317615817
0.004537005890043512
0.005094107024890775
0.008035295259063314
0.007214756477618911
0.0001559580828907163
0.0019168500652281331
0.0003283912878228115
0.004238575465772101
0.003709514250633557
0.0017307623077013074
0.0021070593080497156
9.472884406359471e-05
0.0006557148884303201
0.0006138593591792493
0.0006138593591792493
0.002116736958285747
0.0025376775047307597
0.0015201082686500723
0.00075815804468518
0.0005723887622905584
0.0005723887622905584
0.0026290199756350344
0.0010185132414773528
0.0010185132414773528
0.0010185132414773528
0.0010185132414773528
0.0010185132414773528
0.0010185132414773528
0.0010185132414773528
0.0010185132414773528
0.0010185132414773528
0.0010185132414773528
0.0010185132414773528
0.0010185132414773528
0.0010185132414773528
0.0010185132414773528
0.0010185132414773528
0.0010185132414773528
0.0010185132414773528
0.0010185132414773528
0.0010185132414773528
0.0010185132414773528
0.0010185132414773528
0.0010185132414773528
0.0010185132414773528
0.0010185132414773528
0.0010185132414773528
0.0010185132414773528
0.0010185132414773528
0.0010185132414773528
0.0010185132414773528
2.9640868932050927e-05
2.9640868932050927e-05
2.9640868932050927e-05
2.9640868932050927e-05
2.9640868932050927e-05
2.9640868932050927e-05
2.9640868932050927e-05
2.9640868932050927e-05
2.9640868932050927e-05
2.9640868932050927e-05
2.9640868932050927e-05
2.9640868932050927e-05
2.9640868932050927e-05
2.9640868932050927e-05
2.9640868932050927e-05
2.9640868932050927e-05
2.9640868932050927e-05
2.9640868932050927e-05
2.9640868932050927e-05
2.9640868932050927e-05
0.002014899178780097
0.002827189186791392
0.004055930176722391
0.0012543938621178293
0.0012543938621178293
0.00046549929904876435
0.002038625283203142
0.0050201064373649375
0.0036801430594346814
0.003960490163817085
0.0012122044911223114
6.158320469097818e-05
0.0011237563120479487
0.0014354356884043302
0.0009719299179090169
0.0014847603266014957
0.004058342025168421
0.0015881127396898272
2.6547407951497265e-05
0.003155407826790295
0.0003041544613647425
0.0019321657356494587
0.0019107592723789511
0.0027646668890892933
0.0017385000619318308
0.0019146750877830987
0.004688480176416314
0.00196940164611393
0.0030093353273962097
0.002216661504848145
0.0005527802671687191
0.00042680615424848904
0.0024321438601468464
0.0006397167186206329
0.0023049916453604415
0.002566616818588891
0.001088410545091548
0.0035773160235926644
0.0008209234697108036
0.0018398865576063207
0.0033939285936893746
0.003991163176747686
0.0013989486582402354
0.0008812111163242405
0.0005850741751131665
0.0014938710805796817
0.0035454200914888955
0.002331844711837962
0.0011282133117072727
0.0011282133117072727
0.0011282133117072727
0.0011282133117072727
0.0011282133117072727
0.0011282133117072727
0.0011282133117072727
0.0011282133117072727
0.0011282133117072727
0.0011282133117072727
0.0002122377107605781
0.0002122377107605781
0.0002122377107605781
0.0002122377107605781
0.0002122377107605781
0.0002122377107605781
0.0002122377107605781
0.0002122377107605781
0.0002122377107605781
0.0002122377107605781
0.0002122377107605781
0.0002122377107605781
0.0002122377107605781
0.0002122377107605781
0.0002122377107605781
0.0002122377107605781
0.0002122377107605781
0.0002122377107605781
0.0002122377107605781
0.0002122377107605781
0.0002122377107605781
0.0002122377107605781
0.0002122377107605781
0.0002122377107605781
0.0002122377107605781
0.0002122377107605781
0.0002122377107605781
0.0002122377107605781
0.0002122377107605781
0.0002122377107605781
0.0002122377107605781
0.0002122377107605781
0.0002122377107605781
0.0002122377107605781
0.0002122377107605781
0.0002122377107605781
0.0002122377107605781
0.0002122377107605781
0.002045078585682496
0.003201565804367447
0.002627916479570806
0.002625544979970777
0.00046554077610377496
0.0026375802106693635
0.0007643946272455352
0.000432106352041362
0.0003590260083317677
0.000587144370598079
0.0014148095013653069
9.20262324476933e-05
6.087117371015964e-05
0.0010103793825961198
0.002592190592518209
0.004891522272647245
0.0026045853541973437
0.0015557613401381266
0.002334331724140949
0.004521087902421912
0.0044263509303645015
0.0008419882474780798
0.002451561737381172
0.006843334438953715
0.004360604029528469
0.00025019660225555906
0.0009463695995582887
0.0004055216958021154
0.0009051444461559439
0.0018604042060516575
0.003612396022836049
0.0052873413700361225
0.007777222150679817
0.009616056835275034
0.007554643956160111
0.0034889283558758675
0.004479824116022771
0.0012840673786732996
0.000469710854998002
0.0010939399642458472
0.0010696858160092935
0.0019606402959920725
0.002278668157129825
0.0006354448035605577
0.0010018662634897464
0.002776878818429176
0.00332121091996495
0.0014978220983000766
0.0004354071401583325
0.0004354071401583325
0.0004354071401583325
0.0004354071401583325
0.0004354071401583325
0.0004354071401583325
0.0004354071401583325
0.0004354071401583325
0.0004354071401583325
0.0004354071401583325
0.0004354071401583325
0.0004354071401583325
0.0004354071401583325
0.0004354071401583325
0.0004354071401583325
0.0004354071401583325
0.0004354071401583325
0.0004354071401583325
0.0004354071401583325
0.0004354071401583325
0.0004354071401583325
0.0004354071401583325
0.0004354071401583325
0.0004354071401583325
0.0004354071401583325
0.0004354071401583325
0.0004354071401583325
0.0004354071401583325
0.0004354071401583325
0.0004354071401583325
0.0004354071401583325
0.0004354071401583325
0.0004354071401583325
0.0004354071401583325
0.0004354071401583325
0.0004354071401583325
0.0004354071401583325
0.0004354071401583325
0.0004354071401583325
0.0004354071401583325
0.0004354071401583325
0.0004354071401583325
0.0004354071401583325
0.0004354071401583325
0.0004354071401583325
0.0004354071401583325
0.0004354071401583325
0.0004354071401583325
0.0008984365845971542
0.005240106533818657
0.0011366382396652437
0.0006288941789398123
0.0024336123162273003
0.00022677209692607662
0.0021484977184990303
0.0006782033051245546
0.0018532798261692892
0.005033489528747273
0.0067563034091347625
0.0021515575160089458
0.0011746261633143991
0.0057205569373097185
0.005697287732403805
0.0004271312891325962
0.002560978570812298
0.0004679703842506754
0.00021583562658782866
0.003240594648563319
0.004330353751305761
0.005415013414310379
0.0015518570305480296
0.0026436868591179765
0.003862560589038129
0.0008312483547070256
0.002853791128938519
0.002475207239786486
0.0020880366682815323
0.0010944254752835838
0.0011904154342852742
0.0019652110034749934
0.004331880665742121
0.0023771019422758107
0.004924508926693516
0.00820549248270221
0.01247162338939671
0.007596571859621716
0.004593666339766281
0.0035118896657629784
0.0009340021046538395
0.0013247735227961775
0.0013247735227961775
0.001484092039981939
0.0014083503973830206
0.0006195636488667479
0.0008756483675782002
0.00047135994686479965
0.00047135994686479965
0.00047135994686479965
0.00047135994686479965
0.00047135994686479965
0.00047135994686479965
0.00047135994686479965
0.00047135994686479965
0.00047135994686479965
0.00047135994686479965
0.00047135994686479965
0.00047135994686479965
0.00047135994686479965
0.00047135994686479965
0.00047135994686479965
0.00047135994686479965
0.00047135994686479965
0.00047135994686479965
0.00047135994686479965
0.00047135994686479965
0.00047135994686479965
0.00047135994686479965
0.00047135994686479965
0.00047135994686479965
0.00047135994686479965
0.00047135994686479965
0.00047135994686479965
0.00047135994686479965
0.00047135994686479965
0.00047135994686479965
0.00047135994686479965
0.00047135994686479965
0.00047135994686479965
0.00047135994686479965
0.00047135994686479965
0.00047135994686479965
0.00047135994686479965
0.00047135994686479965
0.00047135994686479965
0.00047135994686479965
0.00047135994686479965
0.00047135994686479965
0.00047135994686479965
0.00047135994686479965
0.00047135994686479965
0.00047135994686479965
0.00047135994686479965
0.00047135994686479965
0.00047135994686479965
0.0005424970469808353
0.002535082647905319
0.0015930741233472893
0.0027412392296428875
0.004835890384460639
0.006836551194970084
0.0008799660994476669
0.0012966722131373307
0.003632190937984766
0.005207677574062185
0.0029075433442963495
0.0028470357834354094
0.0010528863827690533
0.0022122400053193585
0.001238985361134141
0.004716520877973408
0.004773307607464446
0.0030439126874444145
0.002495307007472872
0.0011812093575402534
0.004345226515343876
0.003412245433441613
0.003132503228019543
0.0003706583630265301
0.003245206610154615
0.0014580009498328193
0.0023547368716636714
0.0026222514867337504
0.004553306397982012
0.002764605766912502
0.010596442742479126
0.015046273873464376
0.009108786623750989
0.007064857666030797
0.006036438710387326
0.001922038511720861
0.002132144338713447
0.004073494630929071
0.01040213284583457
0.01561999098841817
0.0052456508526659545
0.0047327380670005035
0.0013321324523049788
0.001766492862487053
0.0003539196508294874
0.0014093806287191473
0.0003295691297133113
0.0011795937178716662
0.0011795937178716662
0.0011795937178716662
0.0011795937178716662
0.0011795937178716662
0.0011795937178716662
0.0011795937178716662
0.0011795937178716662
0.0011795937178716662
0.0011795937178716662
0.0011795937178716662
0.0011795937178716662
0.0011795937178716662
0.0011795937178716662
0.0011795937178716662
0.0011795937178716662
0.0011795937178716662
0.0011795937178716662
0.0011795937178716662
0.0011795937178716662
0.0011795937178716662
0.0011795937178716662
0.0011795937178716662
0.0011795937178716662
0.0011795937178716662
0.0002089748603352013
0.0002089748603352013
0.0002089748603352013
0.0002089748603352013
0.0002089748603352013
0.0002089748603352013
0.0002089748603352013
0.0002089748603352013
0.0002089748603352013
0.0002089748603352013
0.0002089748603352013
0.0002089748603352013
0.0002089748603352013
0.0002089748603352013
0.0002089748603352013
0.0002089748603352013
0.0002089748603352013
0.0002089748603352013
0.0002089748603352013
0.0002089748603352013
0.0002089748603352013
0.0002089748603352013
0.0002089748603352013
0.0002089748603352013
0.002054997818100153
0.0009591361307934906
0.0011882378077956927
0.002675658400636222
0.003086416989259116
0.0005581749106630415
0.002878796458967358
0.0008771965397929601
0.005696528466239537
0.0057624873629156526
0.003961688695772913
0.0022708784584018604
0.005593584516286247
0.002379883836258146
0.001695668203796157
0.0018025738159492659
0.0045795006358647925
0.0007210487984502204
0.0025061326986637175
0.0015228377037266793
0.0019006367506380101
0.0013075494772635966
0.00021745900654043847
0.002434842778661323
0.0034870293586144133
0.002042620687026059
0.006982247243351732
0.004231850073087889
0.0036097024771193135
0.000510092351783533
0.00128385099556164
0.0026276818125220334
0.0010034853082997413
0.0042124868060062605
0.0032181855661830836
0.0024130292263356014
0.0022377421769868957
0.005594736051062581
0.0020818532521824544
0.0005864743044963526
0.0013722463799858322
0.0007492757805015841
0.002835388696843128
0.0005940020601137696
0.001981289115490072
0.002380317025994329
0.0009896422367151345
0.003502191557111765
0.0022814927394786727
0.0022814927394786727
0.0022814927394786727
0.0022814927394786727
0.0022814927394786727
0.0013346641096571338
0.0013346641096571338
0.0013346641096571338
0.0013346641096571338
4.7816127101505974e-05
4.7816127101505974e-05
4.7816127101505974e-05
4.7816127101505974e-05
4.7816127101505974e-05
4.7816127101505974e-05
4.7816127101505974e-05
4.7816127101505974e-05
4.7816127101505974e-05
4.7816127101505974e-05
4.7816127101505974e-05
4.7816127101505974e-05
4.7816127101505974e-05
4.7816127101505974e-05
4.7816127101505974e-05
4.7816127101505974e-05
4.7816127101505974e-05
4.7816127101505974e-05
4.7816127101505974e-05
4.7816127101505974e-05
4.7816127101505974e-05
4.7816127101505974e-05
4.7816127101505974e-05
4.7816127101505974e-05
4.7816127101505974e-05
4.7816127101505974e-05
4.7816127101505974e-05
4.7816127101505974e-05
4.7816127101505974e-05
4.7816127101505974e-05
4.7816127101505974e-05
4.7816127101505974e-05
4.7816127101505974e-05
4.7816127101505974e-05
4.7816127101505974e-05
4.7816127101505974e-05
4.7816127101505974e-05
4.7816127101505974e-05
4.7816127101505974e-05
0.003452909274852129
0.0010946453578330362
0.002575905517647058
0.00030259499095324155
0.0007057866575114926
0.0007057866575114926
0.0008678673330637142
0.004284457585120131
0.0008702167390323588
0.0018462480764406385
0.004408665927179829
0.0024187978988687584
0.003121835754951956
0.003121835754951956
0.0010224633777785185
0.0020413986637607597
0.0033797157290092784
0.0070961283582456226
0.002552714414829253
0.0014837320230772057
0.0026137239886529573
0.005200569649665452
0.005004735349631779
0.001746880073338666
0.0034612588620825152
0.0013736608277776135
0.0026401241378735283
0.0013500511964893297
0.005104144020131132
0.002817109650643874
0.0012031760509682973
0.002431776080043564
0.003733207738420669
0.005022792300552633
0.0026789920398560913
0.0003364238643882361
0.0021070504176929116
0.006232096103617538
0.006351289534102372
0.0042150339025726295
0.0006869898091723895
0.001550450217118741
0.0015364865949947504
0.0027693138097886695
2.19228660834612e-05
0.0006087321521208108
0.00040215596853604603
0.0013142771934791806
0.0013142771934791806
0.0013142771934791806
0.0013142771934791806
0.0003140400079711678
0.0003140400079711678
0.0003140400079711678
0.0003140400079711678
0.0003140400079711678
0.0003140400079711678
0.0003140400079711678
0.0003140400079711678
0.0003140400079711678
0.0003140400079711678
0.0003140400079711678
0.0003140400079711678
0.0003140400079711678
0.0003140400079711678
0.0003140400079711678
0.0003140400079711678
0.0003140400079711678
0.0003140400079711678
0.0003140400079711678
0.0003140400079711678
0.0003140400079711678
0.0003140400079711678
0.0003140400079711678
0.0003140400079711678
0.0003140400079711678
0.0003140400079711678
0.0003140400079711678
0.0003140400079711678
0.0003140400079711678
0.0003140400079711678
0.0003140400079711678
0.0003140400079711678
0.0003140400079711678
0.0003140400079711678
0.0003140400079711678
0.0003140400079711678
0.0003140400079711678
0.0003140400079711678
0.0003140400079711678
0.0003140400079711678
0.0003140400079711678
0.0003140400079711678
0.0003140400079711678
0.0003140400079711678
0.0003140400079711678
0.0025234033451281197
0.0016018332168336357
0.0027072822593885507
0.003032716133920108
0.0031685021602415424
0.0026741073821209263
0.0005145125621714838
0.00015115398554135123
0.002609897803090366
0.0016051397644791516
0.0015889032138005268
0.00172899183624814
0.004904380871455261
0.0007801119903181582
0.003104783565833824
0.0002920358712149825
0.0012358916736146092
0.0020527891444274875
0.002191613373806772
0.004019535305291867
0.0028181687652473206
0.0018510821585326432
0.0023798659705835546
0.003696391621298919
0.0013510120988937
0.0028167384889419096
0.004568219396702148
0.0023827832462956187
0.0031398983894503187
0.0035210501719160044
0.006455565886027459
0.010198131044014392
0.014989022484010742
0.016734835951209785
0.023286217466260552
0.017976725054281883
0.015257870371550818
0.01358128580385723
0.01096767384703931
0.007647285641146516
0.0024018659940150296
0.0017861261854122733
0.0024516194480557274
0.0029530030872008525
0.0003316382954121861
0.002042129447607294
0.002502447158449804
0.0010715625462611044
0.0010715625462611044
5.349926459834219e-05
5.349926459834219e-05
5.349926459834219e-05
5.349926459834219e-05
5.349926459834219e-05
5.349926459834219e-05
5.349926459834219e-05
5.349926459834219e-05
5.349926459834219e-05
5.349926459834219e-05
5.349926459834219e-05
5.349926459834219e-05
5.349926459834219e-05
5.349926459834219e-05
5.349926459834219e-05
5.349926459834219e-05
5.349926459834219e-05
5.349926459834219e-05
5.349926459834219e-05
5.349926459834219e-05
5.349926459834219e-05
5.349926459834219e-05
5.349926459834219e-05
5.349926459834219e-05
5.349926459834219e-05
5.349926459834219e-05
5.349926459834219e-05
5.349926459834219e-05
5.349926459834219e-05
5.349926459834219e-05
5.349926459834219e-05
5.349926459834219e-05
5.349926459834219e-05
5.349926459834219e-05
5.349926459834219e-05
5.349926459834219e-05
5.349926459834219e-05
5.349926459834219e-05
5.349926459834219e-05
5.349926459834219e-05
5.349926459834219e-05
5.349926459834219e-05
5.349926459834219e-05
5.349926459834219e-05
5.349926459834219e-05
5.349926459834219e-05
5.349926459834219e-05
0.00033256590173161554
0.0019344438644083631
0.0013802985923408954
0.0017733238502948396
0.00014631558617622577
0.0013960248483808882
0.0005261004389743792
0.002016476616104754
0.001051071685127562
0.0010287245616876378
0.001927794935689525
0.0023080668921628407
0.0023080668921628407
0.0011359250082969702
0.002392523934991251
0.0016726119597522634
0.002838794111218637
0.0020607272840307313
0.0003606964720731902
0.002239353910894778
0.002487455394434645
0.006656259241582339
0.0036139715260591126
0.0013034978354359637
0.002967018435348262
0.003714509066763771
0.002929257763729873
0.0012831633063072503
0.0030190294808042826
0.00045797002472479104
0.0051912348713730435
0.0035253423600667003
0.004332134792657953
0.0017378176762708375
0.0009123468558428037
0.0013114523094947983
0.001432999140257762
0.002792243009116892
0.003029755505539293
0.0089165311577255
0.008262343104520816
0.0025935533491317324
0.003304260351597026
0.0014442756550709166
0.0021861118400784843
0.0018771211810617791
0.00227441053001963
6.637322812162727e-05
6.637322812162727e-05
6.637322812162727e-05
6.637322812162727e-05
6.637322812162727e-05
6.637322812162727e-05
6.637322812162727e-05
6.637322812162727e-05
6.637322812162727e-05
6.637322812162727e-05
6.637322812162727e-05
6.637322812162727e-05
6.637322812162727e-05
6.637322812162727e-05
6.637322812162727e-05
6.637322812162727e-05
6.637322812162727e-05
6.637322812162727e-05
6.637322812162727e-05
6.637322812162727e-05
6.637322812162727e-05
6.637322812162727e-05
6.637322812162727e-05
6.637322812162727e-05
6.637322812162727e-05
6.637322812162727e-05
6.637322812162727e-05
6.637322812162727e-05
6.637322812162727e-05
6.637322812162727e-05
6.637322812162727e-05
6.637322812162727e-05
6.637322812162727e-05
6.637322812162727e-05
6.637322812162727e-05
6.637322812162727e-05
6.637322812162727e-05
6.637322812162727e-05
6.637322812162727e-05
6.637322812162727e-05
6.637322812162727e-05
6.637322812162727e-05
6.637322812162727e-05
6.637322812162727e-05
6.637322812162727e-05
6.637322812162727e-05
6.637322812162727e-05
6.637322812162727e-05
6.637322812162727e-05
0.0011050494138794466
0.001214011541592899
0.0021832615608072584
0.0003627037090768851
0.0015193335422879035
0.003291919616532012
0.0011949712632821968
0.0014299421458830843
0.004577663047420282
0.0007163595038078327
0.0010131447891468595
0.0004689943463275038
0.0013533775074044134
0.0023593868222176848
0.002456225500113686
0.00020937276878150307
0.003956738343551265
0.000472825796712136
0.000472825796712136
0.0008459760298628688
0.0003028706626532962
0.005158360074519856
0.00268854230253605
0.0004894008262532334
0.0031068573066917707
0.0001848633022505878
0.004448657048374938
0.00017693451265600934
0.0023815181207004574
0.0013974559466540292
0.006695819263898092
0.0014888524314747098
0.0014888524314747098
0.0010294677188686062
0.0003487409291429301
0.00541362907708581
0.001917145316831995
0.005504985729470262
0.004472775800085977
0.0038872994378950547
0.0023145306995083744
0.0026589516985398394
0.0005591594373801009
0.0001316040677676513
0.0012377783928675659
0.0035925373545632965
0.0010136875108291647
0.001678784228826497
0.001678784228826497
2.3984666878912883e-05
2.3984666878912883e-05
2.3984666878912883e-05
2.3984666878912883e-05
2.3984666878912883e-05
2.3984666878912883e-05
2.3984666878912883e-05
2.3984666878912883e-05
2.3984666878912883e-05
2.3984666878912883e-05
2.3984666878912883e-05
2.3984666878912883e-05
2.3984666878912883e-05
2.3984666878912883e-05
2.3984666878912883e-05
2.3984666878912883e-05
2.3984666878912883e-05
2.3984666878912883e-05
2.3984666878912883e-05
2.3984666878912883e-05
2.3984666878912883e-05
2.3984666878912883e-05
2.3984666878912883e-05
2.3984666878912883e-05
2.3984666878912883e-05
2.3984666878912883e-05
2.3984666878912883e-05
2.3984666878912883e-05
2.3984666878912883e-05
2.3984666878912883e-05
2.3984666878912883e-05
2.3984666878912883e-05
2.3984666878912883e-05
2.3984666878912883e-05
2.3984666878912883e-05
2.3984666878912883e-05
2.3984666878912883e-05
2.3984666878912883e-05
2.3984666878912883e-05
2.3984666878912883e-05
2.3984666878912883e-05
2.3984666878912883e-05
2.3984666878912883e-05
2.3984666878912883e-05
2.3984666878912883e-05
2.3984666878912883e-05
2.3984666878912883e-05
