[0, 0, 0, 0, 0]
[-27.60388335 -27.42737758 -27.273706   -26.57536659 -26.5456555 ]
[0, 0, 0, 0, 0]
[-27.72938171 -27.35710927 -27.22771279 -26.74160401 -28.31020125]
[0, 0, 0, 0, 0]
[-27.44598274 -26.0271104  -26.21798667 -26.86185987 -26.20741343]
[0, 0, 0, 0, 0]
[-25.34572464 -25.94529759 -26.81346707 -24.98766101 -25.46959925]
[0, 0, 0, 0, 0]
[-28.31497685 -28.58745983 -27.76983544 -27.38378124 -29.30513521]
[-27.40389928 -26.45747737 -26.72116195 -26.59596751 -26.83960825]
[-28.51704303 -27.98471863 -28.98714435 -27.8542248  -28.71780788]
[-30.74054475 -28.91120139 -29.90153824 -29.7820576  -30.12715634]
[-29.02427188 -30.85767831 -30.69533929 -31.06027811 -30.56991085]
[-29.63551211 -31.54912663 -31.14397591 -31.05885157 -29.68662441]
[-33.51225453 -34.24302358 -33.46525528 -33.56930057 -34.19246498]
[-35.03624887 -33.78076634 -34.20277565 -34.11002975 -33.20475695]
[-35.31813298 -35.16768798 -35.08769434 -34.48068434 -35.87588267]
[-33.77042633 -32.87859283 -34.04274179 -31.5470402  -31.65886664]
[-32.90495971 -34.34537533 -34.50100649 -33.90143973 -34.2253718 ]
[-37.55222743 -40.04466192 -38.80276126 -40.18049021 -38.90947295]
[-38.44529467 -37.10050973 -37.38540519 -39.50336021 -38.40882147]
[-39.46566671 -38.41071963 -37.95751288 -38.9668793  -38.06717641]
[-38.76761396 -39.04159788 -38.94604068 -39.02822473 -38.10528025]
[-39.7602098  -40.35795472 -38.1433093  -39.13313053 -37.53377551]
