[0, 0, 0, 0, 0]
[-29.03091697 -28.86262165 -27.95666584 -28.71108109 -29.92213794]
[0, 0, 0, 0, 0]
[-26.99926238 -29.02515282 -27.93856991 -28.75145443 -29.24473576]
[0, 0, 0, 0, 0]
[-25.50307844 -25.91278805 -25.67355253 -24.16388326 -26.51623536]
[0, 0, 0, 0, 0]
[-25.38249294 -27.59657366 -25.50528558 -25.69185062 -27.9918501 ]
[0, 0, 0, 0, 0]
[-27.26930805 -26.22592752 -27.03109148 -27.07182549 -25.24625683]
[-26.90273898 -27.47733169 -26.05621042 -27.25369189 -25.71514094]
[-29.43271761 -29.38027078 -28.83674657 -28.3616821  -27.60232025]
[-25.39450054 -26.70468441 -25.47212089 -24.69476329 -26.34141531]
[-28.699714   -28.04916259 -28.5151896  -28.03547662 -26.87895281]
[-27.69271983 -27.8478177  -27.10176266 -25.95918357 -27.25315888]
[-25.29194447 -27.89532253 -28.00146394 -26.13117481 -26.42795573]
[-25.55716132 -25.99385414 -25.62181504 -26.45641464 -26.57706777]
[-27.63482502 -28.66134275 -27.80117708 -27.77264774 -29.13077163]
[-26.2224245  -25.65569622 -27.61380223 -27.23321665 -25.63105302]
[-28.14212763 -27.61124838 -28.40922862 -28.5566953  -26.96189081]
[-27.76855973 -26.70541292 -26.04794218 -28.77826046 -27.44576691]
[-28.05768189 -27.06009908 -27.30400592 -27.42981974 -27.74608182]
[-27.18188241 -27.09823318 -25.59692046 -25.38583087 -26.49021277]
[-27.5678825  -25.29045184 -25.96849971 -25.99554613 -27.31901444]
[-28.73248836 -27.17097987 -27.3752594  -27.59308669 -27.82080438]
[-30.29552086 -29.92133928 -29.46600457 -30.74047042 -30.7268246 ]
[-26.28515553 -27.5687702  -28.18714541 -26.41102347 -27.61682066]
[-29.3530874  -27.17383451 -27.36478496 -28.15527056 -27.72893789]
[-26.77423411 -27.66187716 -27.86620236 -28.24252642 -27.00520288]
[-27.99373962 -27.21613567 -28.974784   -25.40305118 -28.37759078]
