[0, 0, 0, 0, 0]
[-28.6781313  -28.64649997 -27.75496953 -28.14455661 -29.35263925]
[0, 0, 0, 0, 0]
[-26.99148689 -28.20313421 -27.79670713 -29.03143913 -29.42970842]
[0, 0, 0, 0, 0]
[-25.74952445 -26.22600653 -26.24655951 -25.18138434 -26.98307238]
[0, 0, 0, 0, 0]
[-25.8900663  -27.62741234 -25.46288767 -26.27909863 -28.87030228]
[0, 0, 0, 0, 0]
[-27.43123866 -26.879727   -26.94831819 -27.5224789  -25.09052503]
[-27.33675259 -28.12339825 -26.20517741 -27.2012142  -25.94572738]
[-28.13621905 -27.93813017 -27.73765188 -27.20492932 -26.44169901]
[-25.65212519 -27.08750937 -25.90073362 -25.26248858 -26.38583095]
[-28.79409495 -28.04949078 -28.47358538 -27.79678489 -26.60786746]
[-27.71515116 -28.75492233 -27.66904003 -26.81000881 -27.51935985]
[-26.00686033 -27.50890266 -27.52820502 -26.23873956 -26.52463594]
[-27.05583791 -26.78957039 -26.83806667 -27.2561939  -26.87411603]
[-27.61874737 -28.90436929 -27.95295598 -28.38008079 -29.50871638]
[-26.22386856 -26.17249641 -27.79216592 -28.55023133 -26.33225013]
[-28.11362046 -27.69897809 -28.14210161 -28.78812006 -26.6823813 ]
[-28.34603501 -26.5880378  -25.61976536 -28.38142833 -26.97308406]
[-27.39726358 -26.47108027 -27.00031382 -26.90400236 -26.49007704]
[-27.00586138 -27.12942947 -25.91767303 -25.31214198 -26.44914972]
[-27.02974719 -26.24082161 -26.8392974  -26.77405077 -27.70669871]
[-28.02406382 -26.69962456 -27.05175842 -27.84398102 -27.2616573 ]
[-29.06486664 -28.33390582 -28.26287707 -30.11071608 -29.92233782]
[-25.94745229 -26.90954039 -27.44588303 -26.14857516 -27.11484752]
[-28.47890849 -26.6304955  -27.04059275 -27.46579727 -27.32028476]
[-25.61188434 -27.40991199 -27.38272443 -27.41019421 -25.94432675]
[-27.20937196 -26.62639406 -27.70713584 -24.66778072 -27.75991492]
