0.001970279425667464
0.0026641740218221986
0.003699761031127675
0.00011706497607212509
0.0029874491968421998
0.0021622609906180815
0.0013628463358898487
0.0013628463358898487
0.0018548972407624927
0.0023962211318044944
0.0014207480437125168
0.002430692902179398
0.00041603530325923146
0.0015301786561234296
0.0036162993401077895
0.0041239016749062465
0.0012213810560999369
0.0012213810560999369
0.00032323016761286617
0.001263037877886463
0.0023644775807961094
0.000582319691722552
0.000582319691722552
0.0017873948597195253
0.0014540793512309623
0.0027034209302247104
0.0019005515124886183
0.004822153887000386
0.0049512330305010515
0.0027834119678073893
0.0006310391469946395
0.0017326615181091085
0.0034106607472221473
0.003881461303235038
0.00011311870161203816
0.0014443027804340732
0.0023543499769441765
0.002969437790545489
0.0036593993367733295
0.002216118292763962
0.002818326838689242
0.0008351958481413284
0.0017656757148320728
0.0009525245651186729
0.0014849384308083396
0.0019524826579550216
0.000999643888585807
0.0013192947978385768
0.0013192947978385768
0.00030687952192957023
0.00030687952192957023
0.00030687952192957023
0.00030687952192957023
0.00030687952192957023
0.00030687952192957023
0.00030687952192957023
0.00030687952192957023
0.00030687952192957023
0.00030687952192957023
0.00030687952192957023
0.00030687952192957023
0.00030687952192957023
0.00030687952192957023
0.00030687952192957023
0.00030687952192957023
0.00030687952192957023
0.00030687952192957023
0.00030687952192957023
0.00030687952192957023
0.00030687952192957023
0.00030687952192957023
0.00030687952192957023
0.00030687952192957023
0.00030687952192957023
0.00030687952192957023
0.00030687952192957023
0.00030687952192957023
0.00030687952192957023
0.00030687952192957023
0.00030687952192957023
0.00030687952192957023
0.00030687952192957023
0.00030687952192957023
0.00030687952192957023
0.00030687952192957023
0.00030687952192957023
0.00030687952192957023
0.00030687952192957023
0.00030687952192957023
0.00030687952192957023
0.00030687952192957023
0.00030687952192957023
0.00030687952192957023
0.00030687952192957023
0.00030687952192957023
0.00030687952192957023
0.001290486788100868
0.00282168218305263
0.0013267114992975017
0.00023116697858605734
0.002051114843949326
0.0030020357720885326
0.0002489865372613735
0.0013327134870856662
0.004233063159581538
0.0014379000832105832
0.0019133863011037886
0.0004834343058639796
0.0004834343058639796
0.0011690328756746363
0.002296875450469289
0.0012705433503824716
0.0020437396748372817
0.0006242768744349958
0.0006242768744349958
0.0023432477716325345
0.0008805090434818091
0.005838075005227206
0.0041850793112081066
0.0053031100052371005
0.0017575495364330097
0.00203845394925644
0.002702808785717402
0.0014418772518087948
0.0019381070408228168
0.003239163350227475
0.002701408580043311
0.00048280927776199077
0.0014535397913537818
0.001082330508676758
0.0010982852356294305
0.0023146326890623853
0.00035552787438563986
0.00036437334028593623
0.0034686441832453866
0.002526166306950574
0.0003914200251366976
0.0007203110009094365
0.0012295501192125164
0.00035580001180769466
0.0006000976761616028
0.0002860280727562058
0.0007368183728147863
0.001971555993556989
0.001971555993556989
0.001047183180823935
0.001047183180823935
2.6341298259807515e-05
2.6341298259807515e-05
2.6341298259807515e-05
2.6341298259807515e-05
2.6341298259807515e-05
2.6341298259807515e-05
2.6341298259807515e-05
2.6341298259807515e-05
2.6341298259807515e-05
2.6341298259807515e-05
2.6341298259807515e-05
2.6341298259807515e-05
2.6341298259807515e-05
2.6341298259807515e-05
2.6341298259807515e-05
2.6341298259807515e-05
2.6341298259807515e-05
2.6341298259807515e-05
2.6341298259807515e-05
2.6341298259807515e-05
2.6341298259807515e-05
2.6341298259807515e-05
2.6341298259807515e-05
2.6341298259807515e-05
2.6341298259807515e-05
2.6341298259807515e-05
2.6341298259807515e-05
2.6341298259807515e-05
2.6341298259807515e-05
2.6341298259807515e-05
2.6341298259807515e-05
2.6341298259807515e-05
2.6341298259807515e-05
2.6341298259807515e-05
2.6341298259807515e-05
2.6341298259807515e-05
2.6341298259807515e-05
2.6341298259807515e-05
2.6341298259807515e-05
2.6341298259807515e-05
2.6341298259807515e-05
2.6341298259807515e-05
2.6341298259807515e-05
2.6341298259807515e-05
2.6341298259807515e-05
0.0019040220032877182
0.0010497366858809756
0.00033310870815365544
0.0017332476310011262
0.004927444648067498
0.0025765631528297667
0.0006013550976017717
0.0027945013959086375
0.0004860607322723315
0.001475073646846363
0.001475073646846363
0.00034680315222325757
0.0021680318050478304
0.0033010802529619267
0.0037711094451268867
0.0009744569328957765
0.0006145061152999071
0.001274208878012906
0.0002847129034445346
0.001794231849789251
0.002080130629096192
0.0004555345550785314
0.0010255620641714705
0.0009291634542516541
0.0018674903759442153
0.0023741221804909826
0.0018507441957015015
0.000780226381319569
0.0017596662304388473
0.002985980548209292
0.0023163231419124405
0.0032570346650651616
0.0049931766438979204
0.005121687195467629
0.0011526413738903183
0.003407328475292608
0.0019503393940400113
0.0019246639643917408
0.001411269066236624
0.0004715004436072795
0.0038431949894270206
0.0005753970386840742
0.001961712542684981
0.0014537985082137472
0.0022741034787097346
0.0008068514763376815
0.002100019950941252
0.0037198428282398974
0.0006900213876623903
0.0008501987745211015
0.0012466174419475014
4.7185162787554205e-05
0.0011719083710435675
0.0014978044809521318
0.0014978044809521318
0.0018099483575237708
0.0004192253116084056
0.0004192253116084056
0.0004192253116084056
0.0004192253116084056
0.0004192253116084056
0.0004192253116084056
0.0004192253116084056
0.0004192253116084056
0.0004192253116084056
0.0004192253116084056
0.0004192253116084056
0.0004192253116084056
0.0004192253116084056
0.0004192253116084056
0.0004192253116084056
0.0004192253116084056
0.0004192253116084056
0.0004192253116084056
0.0004192253116084056
0.0004192253116084056
0.0004192253116084056
0.0004192253116084056
0.0004192253116084056
0.0004192253116084056
0.0004192253116084056
0.0004192253116084056
0.0004192253116084056
0.0004192253116084056
0.0004192253116084056
0.0004192253116084056
0.0004192253116084056
0.0004192253116084056
0.0004192253116084056
0.0004192253116084056
0.0004192253116084056
0.0004192253116084056
0.0004192253116084056
0.0004192253116084056
0.0004192253116084056
0.0004192253116084056
0.0004192253116084056
0.0004192253116084056
0.0004192253116084056
0.0004192253116084056
0.0004192253116084056
0.0004192253116084056
0.0004192253116084056
0.0004192253116084056
0.0008655943620959788
0.0035048180367266025
0.0038471108642583007
0.0017636805055781888
0.0016412461632549257
0.00278931801912795
0.0032351738176800366
0.002660481765759629
0.002660481765759629
0.0005563127627141601
0.0012314169888761532
0.004151029165636684
0.0018535878625650795
0.0018535878625650795
0.00016164249972895704
0.0002907514179616654
0.00146740367315601
0.0019660072547090478
0.0019660072547090478
0.0019660072547090478
0.0019660072547090478
0.0016466268026563225
0.0027846571850018488
0.0018888819132411722
0.004034628784793843
0.0021963294138685734
0.0021963294138685734
0.0029484803196736416
0.0007051682439395031
0.0007051682439395031
0.0007051682439395031
0.002016364480708549
0.0007013907892301774
0.0015751069359971558
0.0006210937927967285
0.0020595948084414723
0.0010320968036680693
0.0010320968036680693
0.003681920973817076
0.00420402440627974
0.004689248119525742
0.0055284977818502775
0.0036241407882158837
0.000578958948345255
0.000753209526811983
0.0018970657900628002
0.0018970657900628002
0.0010832694001839459
0.0010832694001839459
2.3255857300847737e-05
2.3255857300847737e-05
2.3255857300847737e-05
2.3255857300847737e-05
2.3255857300847737e-05
2.3255857300847737e-05
2.3255857300847737e-05
2.3255857300847737e-05
2.3255857300847737e-05
2.3255857300847737e-05
2.3255857300847737e-05
2.3255857300847737e-05
2.3255857300847737e-05
2.3255857300847737e-05
2.3255857300847737e-05
2.3255857300847737e-05
2.3255857300847737e-05
2.3255857300847737e-05
2.3255857300847737e-05
2.3255857300847737e-05
2.3255857300847737e-05
2.3255857300847737e-05
2.3255857300847737e-05
2.3255857300847737e-05
2.3255857300847737e-05
2.3255857300847737e-05
2.3255857300847737e-05
2.3255857300847737e-05
2.3255857300847737e-05
2.3255857300847737e-05
2.3255857300847737e-05
2.3255857300847737e-05
2.3255857300847737e-05
2.3255857300847737e-05
2.3255857300847737e-05
2.3255857300847737e-05
2.3255857300847737e-05
2.3255857300847737e-05
2.3255857300847737e-05
2.3255857300847737e-05
2.3255857300847737e-05
2.3255857300847737e-05
2.3255857300847737e-05
2.3255857300847737e-05
2.3255857300847737e-05
2.3255857300847737e-05
2.3255857300847737e-05
0.0003667513289796851
0.0003667513289796851
0.002148417936927925
0.0038290350941051995
0.00039209086905142663
0.0012954088289862725
0.00019455225740433978
0.0010799551694224718
0.00044367684087069366
0.00228878565137135
0.0005732501205508609
0.002661240498726929
0.004026631257716474
0.005048654460154695
0.0061861117553874394
0.0040873264103653524
0.002579782316092998
0.00035340662714794004
0.0012737964293946292
0.0038078751680064773
0.001795501483953307
0.002543006176987782
0.0014365069029189962
0.002674893057980938
0.0031324946409441216
0.0009737210436142666
0.0014148869834140522
0.0014148869834140522
0.001304581512535641
0.0026860010430104454
0.002793140362532875
0.0005129016520079698
0.0003759725681180739
0.0003759725681180739
0.0033638793271528623
0.0033638793271528623
0.004307266037112395
0.002135216217921109
0.002009550354341597
0.004871619106892911
0.003658947100999028
0.006544579997326338
0.003964427425505757
0.0038883898134150843
0.0006492186413885395
0.0006492186413885395
0.0040344119574419945
0.006309148356318772
0.0030848273693378442
0.002500360094304604
0.002500360094304604
0.0006198762408656227
0.0006198762408656227
0.0013697014028451985
0.0013697014028451985
0.0023707522913052888
0.0023707522913052888
0.0006753809419631214
0.0006753809419631214
0.0006753809419631214
0.0006753809419631214
0.0006753809419631214
0.0006753809419631214
0.0006753809419631214
0.0006753809419631214
0.0006753809419631214
0.0006753809419631214
0.0006753809419631214
0.0006753809419631214
0.0006753809419631214
0.0006753809419631214
0.0006753809419631214
0.0006753809419631214
0.0006753809419631214
0.0006753809419631214
0.0006753809419631214
0.0006753809419631214
0.0006753809419631214
0.0006753809419631214
0.0006753809419631214
0.0006753809419631214
0.0006753809419631214
0.0006753809419631214
0.0006753809419631214
0.0006753809419631214
0.0006753809419631214
0.0006753809419631214
0.0006753809419631214
0.0006753809419631214
0.0006753809419631214
0.0006753809419631214
0.0006753809419631214
0.0006753809419631214
0.0006753809419631214
0.0006753809419631214
0.0006753809419631214
0.0006753809419631214
0.0006753809419631214
0.0006753809419631214
0.0006753809419631214
0.0006753809419631214
0.0006753809419631214
0.0006753809419631214
0.0006753809419631214
0.001664705675923639
0.0014394999079501997
0.0014394999079501997
0.001982807949723887
0.0026640150806527376
0.002772661973301622
3.5105389122220675e-05
0.00047180448777756393
0.0016690859475545442
0.0016690859475545442
0.003120486824252109
0.00031906968166646194
0.001214925461421759
0.0019786014631054333
0.0005798652046627353
0.0005798652046627353
0.002123161600637153
0.0008713303824582261
0.0025057615139618848
0.003158153777999769
0.00384200281649755
0.0022017191042519525
0.0031662680580559002
0.003753123955319954
0.003278304607051969
0.0008636039648633482
0.0004952090342266631
0.0012964558511661627
0.0031086799830648956
0.002385569125423354
0.0011560419950115784
0.0020801180984023346
0.004638210396733469
0.006007211313386255
0.003523976612068474
0.0016252787557889709
0.0013232680219164201
0.0035143925587191945
0.002487499791255691
0.0015434234524727844
0.0022047583632315215
0.00035860423315212326
0.0015542976179322083
0.0003740925402698318
0.0006502458406925902
0.0012200059642895995
0.001445390201613984
0.0018532937206259161
0.0018532937206259161
0.00010990151669142546
0.00010990151669142546
0.00010990151669142546
0.00010990151669142546
0.00010990151669142546
0.00010990151669142546
0.00010990151669142546
0.00010990151669142546
0.00010990151669142546
0.00010990151669142546
0.00010990151669142546
0.00010990151669142546
0.00010990151669142546
0.00010990151669142546
0.00010990151669142546
0.00010990151669142546
0.00010990151669142546
0.00010990151669142546
0.00010990151669142546
0.00010990151669142546
0.00010990151669142546
0.00010990151669142546
0.00010990151669142546
0.00010990151669142546
0.00010990151669142546
0.00010990151669142546
0.00010990151669142546
0.00010990151669142546
0.00010990151669142546
0.00010990151669142546
0.00010990151669142546
0.00010990151669142546
0.00010990151669142546
0.00010990151669142546
0.00010990151669142546
0.00010990151669142546
0.00010990151669142546
0.00010990151669142546
0.00010990151669142546
0.00010990151669142546
0.00010990151669142546
0.00010990151669142546
0.00010990151669142546
0.00010990151669142546
0.00010990151669142546
0.00010990151669142546
0.00010990151669142546
0.0011084535080759152
0.002308479764465606
0.003278691265323763
0.0009676835881583345
0.00039401513740665436
0.0009545519745634513
0.002028472087320845
0.002034019176552047
0.0007168965034357784
0.003022245365510318
0.0014823747633384526
0.0031565639533843743
0.002036749689437401
0.0015315274964278786
0.003512707759430153
0.001148189731038772
0.0004799916749108966
0.0004799916749108966
0.0011362146226756799
0.00040273209513125383
0.0008924036633833204
0.0008924036633833204
0.0016844132302067066
0.00038794660444574293
0.0013578918849531509
0.00017420337597074537
0.0006565013485747172
0.0034045793132279224
0.0066632189913473205
0.0012251900163384767
0.0012251900163384767
0.002609798759552303
0.0010104486792154328
0.002303391457526724
0.003008816584828697
0.005730700094585411
0.005730553652449191
0.006108786439229649
0.007422924639386784
0.007707442712354972
0.0028098443486716694
0.00154322853414231
0.003755164526471458
0.0036749832418078625
0.003135242757231707
0.0012428274382404857
0.003417171501055816
0.0008276167501195131
0.0024100311165940694
0.0006977867233390811
0.0010586995434919235
0.0017215793200620927
0.0017215793200620927
0.002432057271932891
0.002751635591147502
0.0029880926295500956
0.00036280768023252107
0.00036280768023252107
0.00036280768023252107
0.00036280768023252107
0.00036280768023252107
0.00036280768023252107
0.00036280768023252107
0.00036280768023252107
0.00036280768023252107
0.00036280768023252107
0.00036280768023252107
0.00036280768023252107
0.00036280768023252107
0.00036280768023252107
0.00036280768023252107
0.00036280768023252107
0.00036280768023252107
0.00036280768023252107
0.00036280768023252107
0.00036280768023252107
0.00036280768023252107
0.00036280768023252107
0.00036280768023252107
0.00036280768023252107
0.00036280768023252107
0.00036280768023252107
0.00036280768023252107
0.00036280768023252107
0.00036280768023252107
0.00036280768023252107
0.00036280768023252107
0.00036280768023252107
0.00036280768023252107
0.00036280768023252107
0.00036280768023252107
0.00036280768023252107
0.00036280768023252107
0.00036280768023252107
0.00036280768023252107
0.00036280768023252107
0.00036280768023252107
0.00036280768023252107
0.00036280768023252107
0.00036280768023252107
0.00036280768023252107
0.00036280768023252107
0.00036280768023252107
0.00036280768023252107
0.00036280768023252107
0.002448098160309058
0.001434612196870428
0.0004526646611215431
0.0009617289709686901
0.0009617289709686901
0.0029612386826394646
0.0018131839571489542
0.002882823109903041
0.0011750503138493577
0.00179150376022493
0.00214240131031199
0.0027523469168119125
0.0011664528211841087
0.0009499682171462596
0.0019138381626164877
0.002947815062397164
0.0019651821235043892
0.0019482776928473784
0.0019482776928473784
0.0015521323304131189
0.0024382050026726604
0.000666062172367859
0.0002913649669370605
3.5794091865144415e-05
3.5794091865144415e-05
0.0011189599530525862
0.0006939671693298203
0.0015928384632279483
3.59945221436557e-05
0.000847033548176444
0.0024390980712038464
0.0020813024526417116
0.0016229659608765052
0.0020187235703364387
0.001936690516574106
0.0041655890465729295
0.0015030524981099677
0.0016282395660238802
0.0028300193328466223
0.003499964959087801
0.001995768872189355
0.002871780276161152
0.0012785381351506837
0.001912798781499085
0.0006414418300500933
0.0006414418300500933
0.0006414418300500933
0.0006414418300500933
0.0006414418300500933
0.0006414418300500933
0.0006414418300500933
0.0006414418300500933
0.0006414418300500933
0.0006414418300500933
0.0006414418300500933
0.0006414418300500933
0.0006414418300500933
0.0006414418300500933
0.0006414418300500933
0.0006414418300500933
0.0006414418300500933
0.0006414418300500933
0.0006414418300500933
0.0006414418300500933
0.0006414418300500933
0.0006414418300500933
0.0006414418300500933
0.0006414418300500933
0.0006414418300500933
0.0006414418300500933
0.0006414418300500933
0.0006414418300500933
0.0006414418300500933
0.0006414418300500933
0.0006414418300500933
0.0006414418300500933
0.0006414418300500933
0.0006414418300500933
0.0006414418300500933
0.0006414418300500933
0.0006414418300500933
0.0006414418300500933
0.0006414418300500933
0.0006414418300500933
0.0006414418300500933
0.0006414418300500933
0.0006414418300500933
0.0006414418300500933
0.0006414418300500933
0.0006414418300500933
0.0006414418300500933
0.0006414418300500933
0.0006414418300500933
0.0006414418300500933
0.0006414418300500933
0.0006414418300500933
0.0038327124660117403
0.0020769084107802507
0.0020769084107802507
0.0025570733854043213
0.00019275462786993297
0.0017037397641699375
0.004092024127162942
0.0018606319564981914
0.0007744512058259325
0.0014785604777472897
0.0013355758456884328
0.001972348639739727
0.00515143922031176
0.00294955312423811
0.0012943961750521379
0.0021097356689179806
0.00036815445307252176
0.00036815445307252176
0.0017461088542364985
0.0008992795841111058
0.001967563220438509
0.002147633783190745
0.0006918807876324455
0.0006918807876324455
0.0001388056898273171
0.0013597247952092989
0.0018847099237524825
0.0030057201572481805
0.0037588545120579896
0.00321316867799833
0.002735722897484117
0.00549463444982907
0.002112570890117178
0.001988569368461243
0.0011302994947121796
0.0022698466729769934
0.003164454558427765
0.006609960684703291
0.007420928867008473
0.0005053759702615852
0.0033604021394929196
0.0006331320131501461
0.004716593634564699
0.0010404426812221728
0.000928597994823021
0.003107500629987806
0.0021447817055351252
0.002492830271707636
0.004457331518269943
0.0008379461589268014
0.0012175199649079385
0.0012175199649079385
0.0012175199649079385
0.0019270346702013592
0.0014778932603645776
0.0014778932603645776
0.0004731750162888025
0.0004731750162888025
0.0004731750162888025
0.0004731750162888025
0.0004731750162888025
0.0004731750162888025
0.0004731750162888025
0.0004731750162888025
0.0004731750162888025
0.0004731750162888025
0.0004731750162888025
0.0004731750162888025
0.0004731750162888025
0.0004731750162888025
0.0004731750162888025
0.0004731750162888025
0.0004731750162888025
0.0004731750162888025
0.0004731750162888025
0.0004731750162888025
0.0004731750162888025
0.0004731750162888025
0.0004731750162888025
0.0004731750162888025
0.0004731750162888025
0.0004731750162888025
0.0004731750162888025
0.0004731750162888025
0.0004731750162888025
0.0004731750162888025
0.0004731750162888025
0.0004731750162888025
0.0004731750162888025
0.0004731750162888025
0.0004731750162888025
0.0004731750162888025
0.0004731750162888025
0.0004731750162888025
0.0004731750162888025
0.0004731750162888025
0.0004731750162888025
0.0004731750162888025
0.0004731750162888025
0.0004731750162888025
0.0004731750162888025
0.0004731750162888025
0.0004731750162888025
0.000825068247350445
0.0013270475976602774
0.0013270475976602774
0.0024971098354678346
0.00019644561484041465
0.00019644561484041465
0.0007921284147689501
0.0023070275937756863
0.001583444876847646
0.003078416685995884
0.003607205768876032
0.0016538331763346057
0.000873258034398696
0.0009153297166174172
0.0016514017606029927
0.0023001497056505528
0.00017834891604100135
0.0011233230875640258
0.0014572592514126386
0.0023622404789898754
0.003190656315627211
0.006069735590338305
0.0025342139079864772
0.006444976846109983
0.0019856125914649424
0.0028473325039713544
0.0026048447978652242
0.00012701650238359976
0.00010608511317950495
0.00010608511317950495
0.004640536709570219
0.002884229487106483
0.0030912372516965097
0.002809101543546513
0.0010191713267864834
0.0030137146350256187
0.0014387951810719882
0.0014387951810719882
0.002764326564074702
0.002764326564074702
0.0005127658453690205
0.001681764096716456
0.002234733221467232
0.00036958983336508574
0.0011970641479769628
0.0019186619376182926
0.002617590477730384
0.00040455612430212234
0.00040455612430212234
0.00040455612430212234
0.00040455612430212234
0.00040455612430212234
0.00040455612430212234
0.00040455612430212234
0.00040455612430212234
0.00040455612430212234
0.00040455612430212234
0.00040455612430212234
0.00040455612430212234
0.00040455612430212234
0.00040455612430212234
0.00040455612430212234
0.00040455612430212234
0.00040455612430212234
0.00040455612430212234
0.00040455612430212234
0.00040455612430212234
0.00040455612430212234
0.00040455612430212234
0.00040455612430212234
0.00040455612430212234
0.00040455612430212234
0.00040455612430212234
0.00040455612430212234
0.00040455612430212234
0.00040455612430212234
0.00040455612430212234
0.00040455612430212234
0.00040455612430212234
0.00040455612430212234
0.00040455612430212234
0.00040455612430212234
0.00040455612430212234
0.00040455612430212234
0.00040455612430212234
0.00040455612430212234
0.00040455612430212234
0.00040455612430212234
0.00040455612430212234
0.00040455612430212234
0.00040455612430212234
0.00040455612430212234
0.00040455612430212234
0.00040455612430212234
0.00040455612430212234
0.00040455612430212234
0.0008640983020147626
0.002249940728725539
0.00011739788853134831
0.00205667933471953
0.001027719846492972
0.001027719846492972
0.0019553123625106134
0.0008699098654395066
0.0003295326574645008
0.0014305236035411111
0.0036335341908063177
0.004934771382517746
0.0029289563224076734
0.0015974344922966668
0.0003750667455364766
0.0003750667455364766
0.002145939945386446
0.0011548271930444179
0.0006614975108573471
0.0024651569185819852
0.0055104922996119035
0.005121134123010881
0.008653031824582968
0.009567067656579486
0.004523805572559081
0.005005966098714083
1.3116712391917675e-05
1.1839810963745843e-05
0.001163007982539418
0.001274003596213651
5.048263834883009e-05
0.0034066271801811506
0.0003255294065972192
0.0015914351015802767
0.004217698092568596
0.0012567288642711238
0.0012567288642711238
0.0032529578819892714
0.0022307654268356025
0.0008899433759945409
0.001988401108896691
0.0021929714610471663
3.259902774315707e-05
0.0005523055166628749
0.000971409269674911
0.000971409269674911
0.0015137671710474742
7.906747896351766e-05
7.906747896351766e-05
7.906747896351766e-05
7.906747896351766e-05
7.906747896351766e-05
7.906747896351766e-05
7.906747896351766e-05
7.906747896351766e-05
7.906747896351766e-05
7.906747896351766e-05
7.906747896351766e-05
7.906747896351766e-05
7.906747896351766e-05
7.906747896351766e-05
7.906747896351766e-05
7.906747896351766e-05
7.906747896351766e-05
7.906747896351766e-05
7.906747896351766e-05
7.906747896351766e-05
7.906747896351766e-05
7.906747896351766e-05
7.906747896351766e-05
7.906747896351766e-05
7.906747896351766e-05
7.906747896351766e-05
7.906747896351766e-05
7.906747896351766e-05
7.906747896351766e-05
7.906747896351766e-05
7.906747896351766e-05
7.906747896351766e-05
7.906747896351766e-05
7.906747896351766e-05
7.906747896351766e-05
7.906747896351766e-05
7.906747896351766e-05
7.906747896351766e-05
7.906747896351766e-05
7.906747896351766e-05
7.906747896351766e-05
7.906747896351766e-05
7.906747896351766e-05
7.906747896351766e-05
7.906747896351766e-05
7.906747896351766e-05
7.906747896351766e-05
7.906747896351766e-05
7.906747896351766e-05
7.906747896351766e-05
0.001811993905967901
0.0024782175072072753
0.002233078397472739
0.0025419519925552053
0.0010182823619277227
0.0008173557130178749
0.0016190563760394023
0.0016190563760394023
0.002243568699589794
0.002520605307316686
0.0023367011511571407
0.0013117751313850852
0.0027260441971788357
0.0014395060138457213
0.002472321370607465
0.006133946657532762
0.0021702613613538853
0.0017819157558427653
0.0004072951608271799
0.0004072951608271799
0.001359615045409785
0.001359615045409785
0.00042709434304873985
0.00042709434304873985
0.001554307432937131
0.0005230868916014887
0.001593723180925469
0.0036488384841858804
0.0018226936091144518
0.00015435978918327078
0.00038383332837200264
0.0024282909851088014
0.0040106552286734015
0.0015714938862128902
0.0018939181200139195
0.002420727568035288
0.001450819512580888
0.001450819512580888
0.006827885867172043
6.913989406994066e-05
0.0010912618931671033
0.0015130545049814308
0.0011900655113705125
0.0018616193868112088
0.0029144895171992298
0.0024620460034088824
0.0031107582271231943
0.0005963930979503923
0.0005963930979503923
0.0005963930979503923
0.0005963930979503923
0.0005963930979503923
0.0005963930979503923
0.0005963930979503923
0.0005963930979503923
0.0005963930979503923
0.0005963930979503923
0.0005963930979503923
0.0005963930979503923
0.0005963930979503923
0.0005963930979503923
0.0005963930979503923
0.0005963930979503923
0.0005963930979503923
0.0005963930979503923
0.0005963930979503923
0.0005963930979503923
0.0005963930979503923
0.0005963930979503923
0.0005963930979503923
0.0005963930979503923
0.0005963930979503923
0.0005963930979503923
0.0005963930979503923
0.0005963930979503923
0.0005963930979503923
0.0005963930979503923
0.0005963930979503923
0.0005963930979503923
0.0005963930979503923
0.0005963930979503923
0.0005963930979503923
0.0005963930979503923
0.0005963930979503923
0.0005963930979503923
0.0005963930979503923
0.0005963930979503923
0.0005963930979503923
0.0005963930979503923
0.0005963930979503923
0.0005963930979503923
0.0005963930979503923
0.0005963930979503923
0.0005963930979503923
0.0005963930979503923
0.0013741407123599387
0.00213864662808194
0.0001592280632602386
0.0023242792019781966
0.002822788551909216
0.002203278214860801
0.0016086738515545683
0.0008487025138436177
0.0033439190319101966
0.00019992923376990508
0.00019992923376990508
0.000874846485797967
0.002342551829198519
0.000410488129488646
0.000410488129488646
0.0014157857113470795
0.002253166524851326
0.0018271449681162484
0.0021444251068198144
0.00342332297604634
0.002418979194029526
0.002418979194029526
0.004159920455114326
0.0031728458342523518
0.0006017486216362987
0.003456359559869043
0.001279317067181488
0.0030046525220803473
0.0001659857384345982
0.001289803699213541
0.0032952094450171316
0.0010934756919094707
0.0007687713392301849
0.0025332454191368168
0.003484040446943253
0.002086545794666066
0.003347760461110378
0.0020532374565440485
0.001225830266976615
0.00011979384254741203
0.0013681893456671654
0.003369772665056555
0.0023193324735308104
0.004691531645702427
0.005927688163719792
0.007920317509984301
0.00753036181367646
0.008308242037677408
0.00045710775814690897
0.0009833320240843356
0.0013452403168934962
0.0016784668150852042
0.0022052535083400687
0.0033428088925419137
0.0019987029723304794
0.0006173482166084931
0.0006173482166084931
0.0006173482166084931
0.0006173482166084931
0.0006173482166084931
0.0006173482166084931
0.0006173482166084931
0.0006173482166084931
0.0006173482166084931
0.0006173482166084931
0.0006173482166084931
0.0006173482166084931
0.0006173482166084931
0.0006173482166084931
0.0006173482166084931
0.0006173482166084931
0.0006173482166084931
0.0006173482166084931
0.0006173482166084931
0.0006173482166084931
0.0006173482166084931
0.0006173482166084931
0.0006173482166084931
0.0006173482166084931
0.0006173482166084931
0.0006173482166084931
0.0006173482166084931
0.0006173482166084931
0.0006173482166084931
0.0006173482166084931
0.0006173482166084931
0.0006173482166084931
0.0006173482166084931
0.0006173482166084931
0.0006173482166084931
0.0006173482166084931
0.0006173482166084931
0.0006173482166084931
0.0006173482166084931
0.0006173482166084931
0.0006173482166084931
0.0006173482166084931
0.0006173482166084931
0.0006173482166084931
0.0006173482166084931
0.0006173482166084931
0.0006173482166084931
0.0006173482166084931
0.0006173482166084931
0.001071330151591072
0.0025458860235433216
0.003085377035272392
0.0040759026617117385
0.0011073009389905033
0.001515923337900303
0.0016926529971985718
0.0027834362685604493
0.001005595300444803
0.00325764693640611
0.00325764693640611
0.0003879808422249326
0.00202385559282789
0.0016520062214863981
0.002122359368670577
0.0013405087558180833
0.0022562222405896884
0.001669152823574381
0.0023036407424613654
0.0006466284136098827
0.0016521247003035856
0.000744186173457746
0.0002082372593492578
0.0017748000238614356
0.004403184508517038
0.004403184508517038
0.0034087643322878187
0.0028646987459856423
0.0037094508293406795
0.0021667000340486733
0.0014184691837748863
0.002166030541986129
0.0003353768664714541
0.0012463765196171865
0.0012463765196171865
0.00117655953269409
0.0027905604313773038
0.0034591260750935745
0.00445020433684758
0.0015967692300655801
0.0022460195733779013
0.0004628514208607163
0.0012863823889938204
0.0012863823889938204
0.0016038703669953756
0.0019560699760851116
0.0019560699760851116
0.0015919052146008902
0.0015919052146008902
0.0015919052146008902
0.0015919052146008902
0.0015919052146008902
0.0015919052146008902
0.0015919052146008902
0.0015919052146008902
0.0015919052146008902
0.0004462948616227799
0.0004462948616227799
0.0004462948616227799
0.0004462948616227799
0.0004462948616227799
0.0004462948616227799
0.0004462948616227799
0.0004462948616227799
0.0004462948616227799
0.0004462948616227799
0.0004462948616227799
0.0004462948616227799
0.0004462948616227799
0.0004462948616227799
0.0004462948616227799
0.0004462948616227799
0.0004462948616227799
0.0004462948616227799
0.0004462948616227799
0.0004462948616227799
0.0004462948616227799
0.0004462948616227799
0.0004462948616227799
0.0004462948616227799
0.0004462948616227799
0.0004462948616227799
0.0004462948616227799
0.0004462948616227799
0.0004462948616227799
0.0004462948616227799
0.0004462948616227799
0.0004462948616227799
0.0004462948616227799
0.0004462948616227799
0.0004462948616227799
0.0004462948616227799
0.0004462948616227799
0.0004462948616227799
0.0004462948616227799
0.0004462948616227799
0.0015116223837501699
0.0015116223837501699
0.0007468561026055709
0.0028284260357748755
0.0012110112210626982
0.0027809597062002566
0.003833803484662511
0.001349571899351855
0.0004312242875143843
0.0004312242875143843
0.001305616075753259
0.0023937516614949373
0.0018453605939729892
0.0006632451181288832
0.0006931410070174112
0.0006931410070174112
0.0034686486201033085
0.005119864809361144
0.004021365853327583
0.003392068827607655
0.0012842088770630752
0.0005981462559461582
0.0008764193735402576
0.0019630318204835566
0.0018878363769001937
0.0007395471562434996
0.0007395471562434996
0.0007395471562434996
0.0021186743925559605
0.0021186743925559605
0.003317669939833742
0.003694490470020978
0.001884867110870603
0.0032716108896468895
0.0013282003197291562
0.0016095527616781765
0.0016095527616781765
8.899022969809448e-05
0.0008759607908844084
0.0017803056559806735
0.002623480693731082
0.0016913045591721938
9.497349038051e-05
0.0009973758818482249
0.0009973758818482249
0.0010694756599925132
0.0025961494200133933
0.0021411755889352378
0.0019453964400300131
0.0017186888909243667
0.002357635609077602
0.00024041754560961558
0.00024041754560961558
0.0009412480481574571
0.0012818880791213127
0.0020214260543062524
0.0001246293062641458
0.0001246293062641458
0.0001246293062641458
0.0001246293062641458
0.0001246293062641458
0.0001246293062641458
0.0001246293062641458
0.0001246293062641458
0.0001246293062641458
0.0001246293062641458
0.0001246293062641458
0.0001246293062641458
0.0001246293062641458
0.0001246293062641458
0.0001246293062641458
0.0001246293062641458
0.0001246293062641458
0.0001246293062641458
0.0001246293062641458
0.0001246293062641458
0.0001246293062641458
0.0001246293062641458
0.0001246293062641458
0.0001246293062641458
0.0001246293062641458
0.0001246293062641458
0.0001246293062641458
0.0001246293062641458
0.0001246293062641458
0.0001246293062641458
0.0001246293062641458
0.0001246293062641458
0.0001246293062641458
0.0001246293062641458
0.0001246293062641458
0.0001246293062641458
0.0001246293062641458
0.0001246293062641458
0.0001246293062641458
0.0001246293062641458
0.0001246293062641458
0.0001246293062641458
0.0001246293062641458
0.0001246293062641458
0.0001246293062641458
0.0001246293062641458
0.0001246293062641458
0.0001246293062641458
0.0019362380929215874
0.002439425354332667
0.0011151720715510687
0.0011151720715510687
5.2232889140274574e-05
0.0012922313428994914
0.0006639013300598091
0.0007818340633800839
0.0021631256315126877
0.0019884654156182525
0.002963330068107405
0.004361835868522743
0.0019435770721735722
0.002001525146051648
0.0021612552788204467
0.0021612552788204467
0.004004928276538934
0.004557885931791444
0.0016776965907280483
0.003154838830731783
0.003940001147996334
0.002296911454025356
0.001366897801536714
0.0022775495697861517
0.0018233198543753477
0.0026852762039169327
0.0054433310476262615
0.003996068949252743
0.005783935037927548
0.005588299280995676
0.0049927751981451995
0.004250612952205037
0.005598386962579991
0.007955976280061153
0.003580838046338332
0.0027709755432162118
0.0015140615575611595
0.0032692726733848996
0.0023644265129783683
0.0016248308472747545
0.0019227660720187686
0.0007097873094950786
0.001416734956341394
0.0019854214012064936
0.00014989003129112569
0.0007616316895818947
0.0011920013343206365
0.0016834313903904968
0.0016834313903904968
0.00020015211002598343
0.00020015211002598343
0.00020015211002598343
0.00020015211002598343
0.00020015211002598343
0.00020015211002598343
0.00020015211002598343
0.00020015211002598343
0.00020015211002598343
0.00020015211002598343
0.00020015211002598343
0.00020015211002598343
0.00020015211002598343
0.00020015211002598343
0.00020015211002598343
0.00020015211002598343
0.00020015211002598343
0.00020015211002598343
0.00020015211002598343
0.00020015211002598343
0.00020015211002598343
0.00020015211002598343
0.00020015211002598343
0.00020015211002598343
0.00020015211002598343
0.00020015211002598343
0.00020015211002598343
0.00020015211002598343
0.00020015211002598343
0.00020015211002598343
0.00020015211002598343
0.00020015211002598343
0.00020015211002598343
0.00020015211002598343
0.00020015211002598343
0.00020015211002598343
0.00020015211002598343
0.00020015211002598343
0.00020015211002598343
0.00020015211002598343
0.00020015211002598343
0.00020015211002598343
0.00020015211002598343
0.00020015211002598343
0.00020015211002598343
0.00020015211002598343
0.00020015211002598343
0.0010702451643974952
0.003507416053162101
0.00027500410487144803
0.0009939420750649224
0.0009939420750649224
0.0030425434007324338
0.004900595902216436
0.0056092418649076
0.005429070165851141
0.004259334311069725
0.00139090889817091
0.002282654658050884
0.005161790112268893
0.001823708227699298
0.003587301123508833
0.0022612686306538636
0.0019126117409473137
0.0019126117409473137
0.002984221635568221
0.002984221635568221
0.003702821661578118
0.003176037461827486
0.0039052044064363132
0.0008963854452536013
0.0008963854452536013
0.0023940270375151732
0.0014693395285474294
0.001985276380326375
0.00030824769053427537
0.00030824769053427537
0.00022571447395394696
0.0016441466060663481
0.0016441466060663481
0.0030934513522484033
0.0030934513522484033
0.000977958061190757
0.0018485138707123906
0.0056030575118436576
0.006510915650914511
0.0014937932910441963
0.003482144514360329
0.0023813053769002673
0.0010414660916166709
0.0010414660916166709
0.0016505480470151092
0.002782649678415627
0.002070301842195854
0.0007581987563539603
0.0007581987563539603
0.0007581987563539603
0.0008060673346036483
0.0008060673346036483
0.0006938241716183159
0.0013329268122914176
0.0018435293229863113
0.0015297118937116685
0.0015297118937116685
0.0015297118937116685
0.0015297118937116685
0.0015297118937116685
0.0015297118937116685
0.0015297118937116685
0.0015297118937116685
0.0015297118937116685
0.0015297118937116685
0.0015297118937116685
0.0015297118937116685
0.0015297118937116685
0.0015297118937116685
0.0015297118937116685
0.0015297118937116685
0.0015297118937116685
0.0015297118937116685
0.0015297118937116685
0.0003328283912953558
0.0003328283912953558
0.0003328283912953558
0.0003328283912953558
0.0003328283912953558
0.0003328283912953558
0.0003328283912953558
0.0003328283912953558
0.0003328283912953558
0.0003328283912953558
0.0003328283912953558
0.0003328283912953558
0.0003328283912953558
0.0003328283912953558
0.0003328283912953558
0.0003328283912953558
0.0003328283912953558
0.0003328283912953558
0.0003328283912953558
0.0003328283912953558
0.0003328283912953558
0.0003328283912953558
0.0003328283912953558
0.0003328283912953558
0.0003328283912953558
0.0003328283912953558
0.0003328283912953558
0.0003328283912953558
0.0003328283912953558
0.0003328283912953558
0.001434195579390849
0.0031496710544854116
0.0011780889692571904
0.0016334392466186712
0.0027284550526219323
0.003331949178652133
0.0020363082931752893
0.0018907349466576037
0.0013723356794411146
0.0006132342172786216
0.002358015132928022
0.003031218382116847
0.0008778338828650044
0.002035383467607197
0.0002625996966123317
0.0014585938102892717
0.002059630134175177
0.0009832808527180448
0.0009832808527180448
0.0019236340597387602
0.002018539050580812
0.0035889405579629797
0.0019787430724673804
0.0019248240368917738
0.0029824134279546207
0.0009082783024200571
0.004672408515713985
0.003389930619930712
0.007176074564555189
0.0032827534029497753
0.0012333329781228867
0.00015112185159981036
0.00011919684707896254
0.0019188099909028143
0.001908707904737913
0.0020068837570769455
0.004586802429055845
0.0003393002755995621
0.0003393002755995621
0.0031791771066044497
0.0029565814369269627
0.0015278373837520453
5.874852928631092e-05
0.0011732062694712595
0.00144575346405529
0.0007362179525981467
0.0013147990198525247
0.0018112036200116485
7.893862536801992e-05
7.893862536801992e-05
7.893862536801992e-05
7.893862536801992e-05
7.893862536801992e-05
7.893862536801992e-05
7.893862536801992e-05
7.893862536801992e-05
7.893862536801992e-05
7.893862536801992e-05
7.893862536801992e-05
7.893862536801992e-05
7.893862536801992e-05
7.893862536801992e-05
7.893862536801992e-05
7.893862536801992e-05
7.893862536801992e-05
7.893862536801992e-05
7.893862536801992e-05
7.893862536801992e-05
7.893862536801992e-05
7.893862536801992e-05
7.893862536801992e-05
7.893862536801992e-05
7.893862536801992e-05
7.893862536801992e-05
7.893862536801992e-05
7.893862536801992e-05
7.893862536801992e-05
7.893862536801992e-05
7.893862536801992e-05
7.893862536801992e-05
7.893862536801992e-05
7.893862536801992e-05
7.893862536801992e-05
7.893862536801992e-05
7.893862536801992e-05
7.893862536801992e-05
7.893862536801992e-05
7.893862536801992e-05
7.893862536801992e-05
7.893862536801992e-05
7.893862536801992e-05
7.893862536801992e-05
7.893862536801992e-05
7.893862536801992e-05
7.893862536801992e-05
7.893862536801992e-05
0.0016575701626320044
0.0022101397683137822
0.00046957980111054414
0.0002836967699780318
0.0007739224680118678
0.0007739224680118678
0.0013486341486457904
0.0013486341486457904
0.0024667365409649523
0.0015868184768874074
0.002341371574648957
0.001383851211187257
0.0016258157024215188
0.0004887842884730214
0.0016276093107535652
0.0008029844488726674
0.001164866102863753
0.0018507980679722132
0.0008548864823627825
0.001242820096269279
0.001490780020046055
0.0016890611761051083
0.002836384942020526
0.0012955187272385266
0.00015415832143634537
0.0012061170126617944
0.001516667018321961
0.0006552595005757218
0.001150685657585652
0.0018541198072370823
0.00349380583182045
0.0025239753911642775
0.0009250133905930862
0.0018973183640820322
0.002869436172368474
0.0014811422234814091
0.003524548777168336
0.0039800417990353745
0.0018116017666015031
0.0018116017666015031
0.0023910891080660707
0.0008747219388531627
0.001667275113650057
0.0014740207056771022
0.0038699199482685564
0.001619903204564574
0.001619903204564574
0.003510490407165872
0.0012508169657425986
0.0007042958017461944
0.0009299937087909005
0.0018423334831193668
0.002623753444651716
0.0009068552312149931
0.0019082989606635276
0.0019082989606635276
0.0004707339981199804
0.0004707339981199804
0.0004707339981199804
0.0004707339981199804
0.0004707339981199804
0.0004707339981199804
0.0004707339981199804
0.0004707339981199804
0.0004707339981199804
0.0004707339981199804
0.0004707339981199804
0.0004707339981199804
0.0004707339981199804
0.0004707339981199804
0.0004707339981199804
0.0004707339981199804
0.0004707339981199804
0.0004707339981199804
0.0004707339981199804
0.0004707339981199804
0.0004707339981199804
0.0004707339981199804
0.0004707339981199804
0.0004707339981199804
0.0004707339981199804
0.0004707339981199804
0.0004707339981199804
0.0004707339981199804
0.0004707339981199804
0.0004707339981199804
0.0004707339981199804
0.0004707339981199804
0.0004707339981199804
0.0004707339981199804
0.0004707339981199804
0.0004707339981199804
0.0004707339981199804
0.0004707339981199804
0.0004707339981199804
0.0004707339981199804
0.0004707339981199804
0.0004707339981199804
0.0004707339981199804
0.0004707339981199804
0.0004707339981199804
0.0004707339981199804
0.0004707339981199804
0.0004707339981199804
0.0009082646412767251
0.0011319271913712596
0.0007709427624585126
0.0029244573524180215
0.0005631498657129395
0.0016191285637205588
0.0006849251316115158
0.0018775878413570136
0.0024861303558033074
0.0024861303558033074
0.004041760241296681
0.0014694808414863012
0.0014606251907264454
0.0009316908915229353
0.0014116392228088863
0.0014116392228088863
0.0020628269356576497
0.0011655763937728765
0.0008121505431177584
0.0008442443252889634
0.002295661970964487
0.002650287745874783
0.0031638794731324556
0.0013831805823346617
0.0017781162090009066
0.00025186976837816974
0.0018376610475223185
0.003410213944334542
0.00509812287286327
0.006843077614298542
0.0018259303031282793
0.002867263945091577
0.0018911695133979338
0.0011595242347467597
0.0011595242347467597
0.0011595242347467597
0.0022813951799577877
0.001134510539555128
0.005657926405414999
0.007942344553870637
0.0042658276926427555
0.0029278363637327623
0.0015747387225024307
0.0019092059083339638
0.0005859793804857071
0.0008693795333618531
0.002374226436094959
0.002575434436140472
0.002575434436140472
0.0015175576964895072
0.0015175576964895072
0.0015175576964895072
0.0015175576964895072
0.0015175576964895072
0.0015175576964895072
0.0015175576964895072
0.0015175576964895072
0.0015175576964895072
0.0015175576964895072
0.0005115018403659406
0.0005115018403659406
0.0005115018403659406
0.0005115018403659406
0.0005115018403659406
0.0005115018403659406
0.0005115018403659406
0.0005115018403659406
0.0005115018403659406
0.0005115018403659406
0.0005115018403659406
0.0005115018403659406
0.0005115018403659406
0.0005115018403659406
0.0005115018403659406
0.0005115018403659406
0.0005115018403659406
0.0005115018403659406
0.0005115018403659406
0.0005115018403659406
0.0005115018403659406
0.0005115018403659406
0.0005115018403659406
0.0005115018403659406
0.0005115018403659406
0.0005115018403659406
0.0005115018403659406
0.0005115018403659406
0.0005115018403659406
0.0005115018403659406
0.0005115018403659406
0.0005115018403659406
0.0005115018403659406
0.0005115018403659406
0.0005115018403659406
0.0005115018403659406
0.0005115018403659406
0.0017138120569693315
0.0017904764073964304
0.003092176531741487
0.0014370509772618574
0.001334558133027106
0.002403590320465074
0.0004225407487599886
0.002337448219965876
0.0027488868921224513
0.0029097192448307788
0.0034535942618260226
0.0009544092344499584
0.002036245991230372
0.00302254615166809
0.0007327827118610939
0.0028370807444119696
0.0020622733496816702
0.0016358882581584584
0.0014110733518266898
0.002449258084049382
0.0024023814019420125
0.005402397621177495
0.002804023037369421
0.002804023037369421
0.004025690893148925
0.003997853049272389
0.0008029563619699424
0.00011692066913873353
0.0016487886831608553
0.0019812771927074754
0.0019812771927074754
0.002922147205176696
0.004996202608877455
0.0020081181714347316
0.004211949818650902
0.002314242842515359
2.128591844941137e-05
0.0007136453069474971
0.0009657497156267281
0.0009657497156267281
0.002285672946449344
0.0011924782210114603
0.00043933510613499024
0.0014657009389825292
0.000560800668277448
0.0017413000079119503
0.002918446740018071
0.001184369181782506
0.001184369181782506
0.001184369181782506
0.001184369181782506
0.001184369181782506
4.160902512868447e-05
4.160902512868447e-05
4.160902512868447e-05
4.160902512868447e-05
4.160902512868447e-05
4.160902512868447e-05
4.160902512868447e-05
4.160902512868447e-05
4.160902512868447e-05
4.160902512868447e-05
4.160902512868447e-05
4.160902512868447e-05
4.160902512868447e-05
4.160902512868447e-05
4.160902512868447e-05
4.160902512868447e-05
4.160902512868447e-05
4.160902512868447e-05
4.160902512868447e-05
4.160902512868447e-05
4.160902512868447e-05
4.160902512868447e-05
4.160902512868447e-05
4.160902512868447e-05
4.160902512868447e-05
4.160902512868447e-05
4.160902512868447e-05
4.160902512868447e-05
4.160902512868447e-05
4.160902512868447e-05
4.160902512868447e-05
4.160902512868447e-05
4.160902512868447e-05
4.160902512868447e-05
4.160902512868447e-05
4.160902512868447e-05
4.160902512868447e-05
4.160902512868447e-05
4.160902512868447e-05
4.160902512868447e-05
4.160902512868447e-05
4.160902512868447e-05
4.160902512868447e-05
4.160902512868447e-05
0.0005268564536856798
0.0005268564536856798
0.0014637261709847399
0.0031601622344216537
0.0006622422143489626
0.0006622422143489626
0.0024200235084346953
0.0030494974674286223
0.003660757646469022
0.0032267698004885587
0.002995165615608792
0.004132358877683739
0.0024979204436800595
0.0016258874185262155
0.0035610540797065644
0.0016310202934753638
0.003238659324923036
0.00029910196700152006
0.0009540158573494877
0.0014746542887346592
0.002602546325209323
0.0010906834288910124
0.0036275489241197967
0.0009259410701530557
0.0020582068055794885
0.0035750418774492653
0.005695744844340139
0.0042506438913810715
0.0063467020101080395
0.006526819607242341
0.007033485439583275
0.006037307923689648
0.0024741953444035493
0.000666931757733389
0.00243658026059258
0.0011219033651163515
0.002426350711787849
0.0026804487730734006
0.0034815858191410837
0.001328851390620083
0.0019435750863278064
0.0007563221777251628
0.0012163128696779822
0.0017624383691023343
0.0019464995599198036
0.0015167402973073158
0.002494636104625604
0.002494636104625604
0.0002869757555396769
0.0002869757555396769
0.0002869757555396769
0.0002869757555396769
0.0002869757555396769
0.0002869757555396769
0.0002869757555396769
0.0002869757555396769
0.0002869757555396769
0.0002869757555396769
0.0002869757555396769
0.0002869757555396769
0.0002869757555396769
0.0002869757555396769
0.0002869757555396769
0.0002869757555396769
0.0002869757555396769
0.0002869757555396769
0.0002869757555396769
0.0002869757555396769
0.0002869757555396769
0.0002869757555396769
0.0002869757555396769
0.0002869757555396769
0.0002869757555396769
0.0002869757555396769
0.0002869757555396769
0.0002869757555396769
0.0002869757555396769
0.0002869757555396769
0.0002869757555396769
0.0002869757555396769
0.0002869757555396769
0.0002869757555396769
0.0002869757555396769
0.0002869757555396769
0.0002869757555396769
0.0002869757555396769
0.0002869757555396769
0.0002869757555396769
0.0002869757555396769
0.0002869757555396769
0.0002869757555396769
0.0002869757555396769
0.0002869757555396769
0.0002869757555396769
0.0002869757555396769
0.0002869757555396769
0.0009510835981171222
0.0009510835981171222
0.0017434097849548225
0.003696023037921603
0.002714451369766447
0.003912094393082362
0.0002689613513880253
0.0002689613513880253
0.0002689613513880253
0.002727347062914749
0.0034791877224441383
0.0019410387024331411
0.003293494520290486
0.0007382680095340392
0.0015193977840135264
0.0015193977840135264
0.002523759121209296
0.003229213121984535
0.0031082372848906135
0.00013511176648076583
0.00011782922460983817
0.0019181916313111345
7.898222738162222e-05
0.002270781392238328
0.001722508367807734
0.0028343535895638547
0.004113808509572425
0.0011247463084687083
0.0024132079972220217
0.004957844464607288
0.0018207593416148943
0.0013257286136773567
4.5815887341440174e-05
0.003190989738840717
0.006505299498563023
0.003730348618905383
0.002655068367746532
0.005137441156145471
0.0014500816133550289
0.0025835684641268555
0.002500991027103247
0.0029277834574420736
0.00192628692979565
0.00029102480795626696
0.0006563904612231956
0.00362554441540252
0.004079881160080805
0.0029290533039860005
0.001454850803888456
0.0004022183411624878
0.0004022183411624878
0.0007996723472911014
0.0011799988876141263
0.0011799988876141263
0.0016144816034176232
0.00020603375515029342
0.00020603375515029342
0.00020603375515029342
0.00020603375515029342
0.00020603375515029342
0.00020603375515029342
0.00020603375515029342
0.00020603375515029342
0.00020603375515029342
0.00020603375515029342
0.00020603375515029342
0.00020603375515029342
0.00020603375515029342
0.00020603375515029342
0.00020603375515029342
0.00020603375515029342
0.00020603375515029342
0.00020603375515029342
0.00020603375515029342
0.00020603375515029342
0.00020603375515029342
0.00020603375515029342
0.00020603375515029342
0.00020603375515029342
0.00020603375515029342
0.00020603375515029342
0.00020603375515029342
0.00020603375515029342
0.00020603375515029342
0.00020603375515029342
0.00020603375515029342
0.00020603375515029342
0.00020603375515029342
0.00020603375515029342
0.00020603375515029342
0.00020603375515029342
0.00020603375515029342
0.00020603375515029342
0.00020603375515029342
0.00020603375515029342
0.00020603375515029342
0.00020603375515029342
0.00020603375515029342
0.00020603375515029342
0.00020603375515029342
0.00020603375515029342
0.00020603375515029342
0.00020603375515029342
0.00020603375515029342
0.00020603375515029342
0.00020603375515029342
0.001720529585272113
0.002970208291438963
0.0013442165913251625
0.0006790679468411508
0.0006790679468411508
0.001810907646644903
0.0022893108258625677
0.00043823518908984093
0.00043823518908984093
0.0015639234974294909
0.0013275614315822963
0.0025489991640114374
0.002378525126370843
0.0038346424079361485
0.003055790126629752
9.21135436078727e-05
0.001003438192633671
0.00042903468759515075
0.001642684910734962
0.0022801271652133663
0.0003407353314833243
0.002183020192391075
0.004768047397005201
0.0020389651604690636
0.0020389651604690636
0.003289410674644335
0.001716341136916594
0.004546231377535868
0.003027867122279815
0.0005601794554848166
0.0015747290130119194
0.001341113156245983
0.0011272569352134426
0.0011846690997506623
0.002212151805408333
0.00014311346644911615
0.0020187660472533527
0.0030004983852142133
0.0033014816384848667
0.0006887467265215231
0.0014184216743469127
0.0025083792091071485
0.0007014124693802987
0.00035825175365139647
0.0005430307095908721
0.0016835312311525735
0.0002138316816638502
0.0002138316816638502
0.0002138316816638502
0.0002138316816638502
0.0002138316816638502
0.0002138316816638502
0.0002138316816638502
0.0002138316816638502
0.0002138316816638502
0.0002138316816638502
0.0002138316816638502
0.0002138316816638502
0.0002138316816638502
0.0002138316816638502
0.0002138316816638502
0.0002138316816638502
0.0002138316816638502
0.0002138316816638502
0.0002138316816638502
0.0002138316816638502
0.0002138316816638502
0.0002138316816638502
0.0002138316816638502
0.0002138316816638502
0.0002138316816638502
0.0002138316816638502
0.0002138316816638502
0.0002138316816638502
0.0002138316816638502
0.0002138316816638502
0.0002138316816638502
0.0002138316816638502
0.0002138316816638502
0.0002138316816638502
0.0002138316816638502
0.0002138316816638502
0.0002138316816638502
0.0002138316816638502
0.0002138316816638502
0.0002138316816638502
0.0002138316816638502
0.0002138316816638502
0.0002138316816638502
0.0002138316816638502
0.0002138316816638502
0.0002138316816638502
0.0002138316816638502
0.0002138316816638502
0.0008316458875754957
0.0016948348041441832
0.00207874860427534
0.00207874860427534
0.0027573507612645
0.001151186484206358
0.002730289809416954
0.0007180935250331383
0.0012996723952531514
0.0004234239641955099
0.001086506106486636
0.0017787138870007893
0.0008379287473415748
0.001753695128882409
0.002192201367037597
0.002192201367037597
0.0032231230625856125
0.0010370771940202204
0.0018306743020655423
0.0025491540014481095
0.003141333081547516
0.0012644371447003162
0.0024914659148380512
0.0032760410872223447
0.0029983216526050624
0.000683655753941294
0.0022166949317808217
0.00027947866766848614
0.0013112017511720901
0.00012964047626027502
0.0012700138300068273
0.0019930433025027376
0.0002796205876535252
0.0035579706852312785
0.0002365503758577723
0.0026307844084299953
0.0026307844084299953
0.0016067918522154768
0.0025720010783569294
0.0016431298611731607
0.0004422515669883567
0.0004422515669883567
0.001696094612077705
0.0027026733152628133
0.0027026733152628133
0.003015692801779831
0.004206429879316093
0.001267991516628415
0.002282875302315529
0.0004918233116834524
0.0013375391663163606
0.0018293259327463568
0.0018293259327463568
0.002638744070481939
0.0006625962456086119
0.0014750846838679742
0.0004219280034404825
0.0004219280034404825
0.0004219280034404825
0.0004219280034404825
0.0004219280034404825
0.0004219280034404825
0.0004219280034404825
0.0004219280034404825
0.0004219280034404825
0.0004219280034404825
0.0004219280034404825
0.0004219280034404825
0.0004219280034404825
0.0004219280034404825
0.0004219280034404825
0.0004219280034404825
0.0004219280034404825
0.0004219280034404825
0.0004219280034404825
0.0004219280034404825
0.0004219280034404825
0.0004219280034404825
0.0004219280034404825
0.0004219280034404825
0.0004219280034404825
0.0004219280034404825
0.0004219280034404825
0.0004219280034404825
0.0004219280034404825
0.0004219280034404825
0.0004219280034404825
0.0004219280034404825
0.0004219280034404825
0.0004219280034404825
0.0004219280034404825
0.0004219280034404825
0.0004219280034404825
0.0004219280034404825
0.0004219280034404825
0.0004219280034404825
0.0004219280034404825
0.0004219280034404825
0.0004219280034404825
0.0004219280034404825
0.0004219280034404825
0.0004219280034404825
0.0004219280034404825
0.0004219280034404825
0.0012496875771652433
0.0013140556094378617
0.0010024932206319991
0.0017199089388956683
0.00020822829557929148
0.001338592915769354
0.0009104025147772411
0.002868871045349582
0.0014658540757880052
0.00017784918882328155
0.0009493317101266475
0.0013408994715144412
0.0037665084938805606
0.0019262029526913114
0.003087745015546212
0.0005491785271957731
0.0011213890243368342
0.0023430333466934673
0.0005754859604619046
0.0010801770345837862
0.004411446205774853
0.003442150172305516
0.002143400409468227
0.001330976029393651
0.0031834457113906
0.001873095179183765
0.0027305833087108247
0.0002992266984234056
0.0002992266984234056
0.0002735298879662873
0.003267688588441067
0.0031731307711929556
0.0019980554619550978
0.0016903086669367126
1.8433831408847575e-05
0.0011595800748882504
0.0022672323061533233
0.0022672323061533233
0.003302927218341698
0.0010534325642736365
0.0024491086565935007
0.003621024559856964
0.0005801088709424876
0.0014254930052516775
0.0016917355469302769
0.001309405167135998
0.0007934704350904965
0.0007934704350904965
0.0007934704350904965
0.0007934704350904965
0.0007934704350904965
0.0007934704350904965
0.0007934704350904965
0.0007934704350904965
0.0007934704350904965
0.0007934704350904965
0.0007934704350904965
0.0007934704350904965
0.0007934704350904965
0.0007934704350904965
0.0007934704350904965
0.0007934704350904965
0.0007934704350904965
0.0007934704350904965
0.0007934704350904965
0.0007934704350904965
0.0007934704350904965
0.0007934704350904965
0.0007934704350904965
0.0007934704350904965
0.0007934704350904965
0.0007934704350904965
0.0007934704350904965
0.0007934704350904965
0.0007934704350904965
0.0007934704350904965
0.0007934704350904965
0.0007934704350904965
0.0007934704350904965
0.0007934704350904965
0.0007934704350904965
0.0007934704350904965
0.0007934704350904965
0.0007934704350904965
0.0007934704350904965
0.0007934704350904965
0.0007934704350904965
0.0007934704350904965
0.0007934704350904965
0.0007934704350904965
0.0007934704350904965
0.0007934704350904965
0.0007934704350904965
0.0007934704350904965
0.0007934704350904965
0.0007934704350904965
0.001421788593967163
0.0023436453192401526
0.0029006301394149
0.0029006301394149
0.00242248200275814
0.0026600640161737344
0.0019335401023534847
0.0036416686541131116
0.0012614906403852297
0.0008117374498944276
0.0008117374498944276
0.00021999423780120694
0.0019130714904166094
0.0031037363480337418
0.0019926802744649804
0.002552488696048983
7.625333991678361e-05
0.0026585784507245054
0.0011757279792659787
0.0006548447144621766
0.0006548447144621766
0.0006548447144621766
0.0025756561766342835
0.0006084461505674352
0.001926333480011665
0.0007318225336343496
0.002259823124848326
0.0020633935592190775
0.00020102280090166652
0.00020102280090166652
0.0012086871688260243
0.0030594731011738957
0.003909206403298771
0.003909206403298771
0.0016745509945631462
0.0016745509945631462
0.002913287201911192
0.0011523730950578855
0.0024873675340061595
0.00041058004699133163
0.0014707470367169824
0.002123319751297565
0.002123319751297565
0.0033687217278914588
0.0012765589618049895
0.002376478654754082
0.0045180384449428615
0.0047392138690291775
0.0025204616616959575
0.0007921231959590515
0.001519018930561974
0.0005647470971487981
0.0007694407655932744
0.0007694407655932744
0.0007694407655932744
0.0007694407655932744
0.0007694407655932744
0.0007694407655932744
0.0007694407655932744
0.0007694407655932744
0.0007694407655932744
0.0007694407655932744
0.0007694407655932744
0.0007694407655932744
0.0007694407655932744
0.0007694407655932744
0.0007694407655932744
0.0007694407655932744
0.0007694407655932744
0.0007694407655932744
0.0007694407655932744
0.0007694407655932744
0.0007694407655932744
0.0007694407655932744
0.0007694407655932744
0.0007694407655932744
0.0007694407655932744
0.0007694407655932744
0.0007694407655932744
0.0007694407655932744
0.0007694407655932744
0.0007694407655932744
0.0007694407655932744
0.0007694407655932744
0.0007694407655932744
0.0007694407655932744
0.0007694407655932744
0.0007694407655932744
0.0007694407655932744
0.0007694407655932744
0.0007694407655932744
0.0007694407655932744
0.0007694407655932744
0.0007694407655932744
0.0007694407655932744
0.0007694407655932744
0.0007694407655932744
0.0007694407655932744
0.0007694407655932744
0.0007694407655932744
0.0007694407655932744
0.0007694407655932744
0.0007694407655932744
0.0007694407655932744
0.0008542344867205317
0.0009986010594118223
0.0005861243044615041
0.0016799983762471665
0.0018022450405535866
0.0024672339480713993
0.0024672339480713993
0.0034362730358109663
0.001222592445157596
0.0009518982562896272
0.0003014480342022241
0.0012760621664863851
0.002870714230311569
0.0037738310965259756
0.005340321168042034
0.005133229018117257
0.0014911287593869053
0.00216332496762518
0.003762170627146411
0.0009890170517957838
0.000888072347153063
0.0018039421383247915
0.0028341438685776936
4.969162239877763e-05
0.001128548134450691
0.0009323836154882413
0.0026339083615079893
0.0008353945407997406
0.0014497246353971378
0.0033631244702050636
0.0028107041756756206
0.003900237978914643
0.0023515639501714373
0.0008974207473078036
0.002859869445500913
0.0028652223062750493
0.005750653674771256
0.00741710391021822
0.008590215134155949
0.002087203335669835
0.0006413340333989891
0.000940841328057882
0.0007150305122717435
0.0018019143835615627
0.0027983770150047096
0.004073370123770537
0.0011591519147958332
0.001980990783301657
0.00028674342389172847
0.00028674342389172847
0.00028674342389172847
0.00028674342389172847
0.00028674342389172847
0.00028674342389172847
0.00028674342389172847
0.00028674342389172847
0.00028674342389172847
0.00028674342389172847
0.00028674342389172847
0.00028674342389172847
0.00028674342389172847
0.00028674342389172847
0.00028674342389172847
0.00028674342389172847
0.00028674342389172847
0.00028674342389172847
0.00028674342389172847
0.00028674342389172847
0.00028674342389172847
0.00028674342389172847
0.00028674342389172847
0.00028674342389172847
0.00028674342389172847
0.00028674342389172847
0.00028674342389172847
0.00028674342389172847
0.00028674342389172847
0.00028674342389172847
0.00028674342389172847
0.00028674342389172847
0.00028674342389172847
0.00028674342389172847
0.00028674342389172847
0.00028674342389172847
0.00028674342389172847
0.00028674342389172847
0.00028674342389172847
0.00028674342389172847
0.00028674342389172847
0.00028674342389172847
0.00028674342389172847
0.00028674342389172847
0.00028674342389172847
0.00028674342389172847
0.00028674342389172847
0.00028674342389172847
0.0006230708520649641
0.000560263939014808
0.0009390554699801588
0.0022713683064975957
0.0018261318811746636
0.0011495575714441197
0.001973832594474832
0.0005764038484623475
8.855368743294011e-05
0.0007972794184915634
0.001224990616080699
0.0010018586926152531
0.0010018586926152531
0.003291306406529089
0.0006640406217176657
0.0006640406217176657
0.0014130601635282394
0.00204082144335907
0.001645925079574353
0.001172916583138688
0.003924702472238424
0.001245698578867833
0.00207631955049508
0.0021045444780004403
0.0009577543508306613
0.0022700435154015615
0.0036630042172774557
0.004717231741020777
0.0020722873904063244
0.006826643531581294
0.0013635460934698948
0.0027501091363153064
0.0010712719116483427
0.0007690627331983948
0.002768132317787531
0.0012870884870912576
0.0035271849506442942
0.004498938813257253
0.004698482858205765
0.0005683878983016597
0.004233660736438538
0.0025954325463070525
0.00678950694322434
0.006780661093385237
0.004303205248348832
0.00046720840261173235
0.00046720840261173235
0.005756018756547134
0.0007314589316569645
0.0014039174436238726
0.0014835346010857032
0.0016473605459958389
0.000997940895541321
0.0016068642915622097
0.002690864584826173
0.003346211195970153
0.0019320049677511802
0.00038067965121028327
0.00038067965121028327
0.00038067965121028327
0.00038067965121028327
0.00038067965121028327
0.00038067965121028327
0.00038067965121028327
0.00038067965121028327
0.00038067965121028327
0.00038067965121028327
0.00038067965121028327
0.00038067965121028327
0.00038067965121028327
0.00038067965121028327
0.00038067965121028327
0.00038067965121028327
0.00038067965121028327
0.00038067965121028327
0.00038067965121028327
0.00038067965121028327
0.00038067965121028327
0.00038067965121028327
0.00038067965121028327
0.00038067965121028327
0.00038067965121028327
0.00038067965121028327
0.00038067965121028327
0.00038067965121028327
0.00038067965121028327
0.00038067965121028327
0.00038067965121028327
0.00038067965121028327
0.00038067965121028327
0.00038067965121028327
0.00038067965121028327
0.00038067965121028327
0.00038067965121028327
0.00038067965121028327
0.00038067965121028327
0.00038067965121028327
0.00038067965121028327
0.00038067965121028327
0.00038067965121028327
0.00038067965121028327
0.00038067965121028327
0.00038067965121028327
0.00038067965121028327
0.00038067965121028327
0.002023956337194736
0.0026230026866705105
0.0038488920370986727
0.0014736519468422707
0.0009821792868656093
0.0004514547369804036
0.00013097603715728516
0.0017453929739875145
0.0007557905609590358
0.0023961351580426664
0.0037744536600700235
0.0008839971922031259
0.0016756144626342822
0.00217574606050877
0.0030673353962906895
0.0009076458507985177
0.0011728249114858298
0.0011728249114858298
0.0011728249114858298
0.0020889107633073837
0.003050144432063977
0.004269446519706203
0.009040843802799726
0.005359875844155693
0.0005334412484308509
0.002427348757212004
0.004274217147446273
0.0034887667568133476
0.0035271137670699754
0.0014130551504184098
0.002325458563260294
0.002325458563260294
0.004810523681596461
0.0066281727628155415
0.005805207605754123
0.0069811301233288145
0.0041929663813109665
0.0019433104625842593
0.003610187872365683
0.004388704454216049
0.0028616046577709504
0.0012585732461103975
0.0006021803556411958
0.0009125126524690323
0.0014397334068976483
0.001248191254119185
0.001248191254119185
0.001248191254119185
0.001248191254119185
0.001248191254119185
0.001248191254119185
0.001248191254119185
0.001248191254119185
0.001248191254119185
0.001248191254119185
0.001248191254119185
0.001248191254119185
0.001248191254119185
0.001248191254119185
0.001248191254119185
0.00015674091772994135
0.00015674091772994135
0.00015674091772994135
0.00015674091772994135
0.00015674091772994135
0.00015674091772994135
0.00015674091772994135
0.00015674091772994135
0.00015674091772994135
0.00015674091772994135
0.00015674091772994135
0.00015674091772994135
0.00015674091772994135
0.00015674091772994135
0.00015674091772994135
0.00015674091772994135
0.00015674091772994135
0.00015674091772994135
0.00015674091772994135
0.00015674091772994135
0.00015674091772994135
0.00015674091772994135
0.00015674091772994135
0.00015674091772994135
0.00015674091772994135
0.00015674091772994135
0.00015674091772994135
0.00015674091772994135
0.00015674091772994135
0.00015674091772994135
0.00015674091772994135
0.00015674091772994135
0.00015674091772994135
0.00015674091772994135
0.00015674091772994135
0.0013818309331342807
0.0013818309331342807
0.0013818309331342807
0.0006666333794406983
0.0027780190369734266
0.0006162070130580414
0.0016788510681361541
0.00047855962998263456
0.00047855962998263456
0.0012666042331451214
0.0018149224429721425
0.0007499105382220059
0.001342534264325782
0.0009178303629000539
0.0022129458399585576
0.002446221264150653
0.0029184682823632136
0.003352725634596575
0.0027463080257690946
0.0005466634481421295
0.0021676555325526
0.0012119988532891318
0.002585137129142641
0.0038559946966570825
0.006399678108165822
0.003484622758757808
0.003502712850281732
0.002252642446951704
0.0026228028851885236
0.001490397200916419
0.0002854356393185353
0.0018950270406651985
0.0015080387495646427
0.001405679927447994
0.005863014687688593
0.00014606745227146393
0.0008345792750334664
0.0002976440623944747
0.0007548490220459967
0.003869433355543434
6.301857440513302e-05
0.0014593881617097812
0.0016403909253755625
0.0012511804210119772
0.0012511804210119772
0.001532512386493256
0.001532512386493256
0.0019413904474329426
0.0019413904474329426
0.0019413904474329426
0.0006728571561377718
0.0006728571561377718
0.0006728571561377718
0.0006728571561377718
0.0006728571561377718
0.0006728571561377718
0.0006728571561377718
0.0006728571561377718
0.0006728571561377718
0.0006728571561377718
0.0006728571561377718
0.0006728571561377718
0.0006728571561377718
0.0006728571561377718
0.0006728571561377718
0.0006728571561377718
0.0006728571561377718
0.0006728571561377718
0.0006728571561377718
0.0006728571561377718
0.0006728571561377718
0.0006728571561377718
0.0006728571561377718
0.0006728571561377718
0.0006728571561377718
0.0006728571561377718
0.0006728571561377718
0.0006728571561377718
0.0006728571561377718
0.0006728571561377718
0.0006728571561377718
0.0006728571561377718
0.0006728571561377718
0.0006728571561377718
0.0006728571561377718
0.0006728571561377718
0.0006728571561377718
0.0006728571561377718
0.0006728571561377718
0.0006728571561377718
0.0006728571561377718
0.0006728571561377718
0.0006728571561377718
0.0006728571561377718
0.0006728571561377718
0.0006728571561377718
0.0029024580255484003
0.002387714688474224
0.0017416676928589238
0.002509508697772127
0.00045858349329789584
0.0011219126790938034
0.0011219126790938034
0.0016987977779925722
0.005715008820631597
0.0010808170557681071
0.0010808170557681071
0.0029646361354586843
0.0015101205067063889
0.0006050581126442838
0.0006050581126442838
0.0026232025480050886
0.004375167242990726
0.0008595536734900041
0.0024613676684946215
0.0008485996256620085
0.0014893515790498865
0.003088634164649316
0.0017877904836121814
0.0017881125879810073
0.0029653671170258413
0.00034494310172505926
0.0034700924783721185
0.0034305778372389984
0.005560935372805201
0.004895549272093215
0.0017233465853683282
0.00039360704074719146
0.00039360704074719146
0.0031903972815308314
0.0011629586190502685
0.002196607864775944
0.0017563780132878056
0.001334530027941633
0.0005809321595461516
0.0015607199406515297
0.0038568431095981097
0.001988194752932557
0.0019282726886503828
1.6354159092470642e-05
0.0005744757208587452
0.0016691818976245737
0.002583398162671155
9.380363687097604e-05
9.380363687097604e-05
9.380363687097604e-05
9.380363687097604e-05
9.380363687097604e-05
9.380363687097604e-05
9.380363687097604e-05
9.380363687097604e-05
9.380363687097604e-05
9.380363687097604e-05
9.380363687097604e-05
9.380363687097604e-05
9.380363687097604e-05
9.380363687097604e-05
9.380363687097604e-05
9.380363687097604e-05
9.380363687097604e-05
9.380363687097604e-05
9.380363687097604e-05
9.380363687097604e-05
9.380363687097604e-05
9.380363687097604e-05
9.380363687097604e-05
9.380363687097604e-05
9.380363687097604e-05
9.380363687097604e-05
9.380363687097604e-05
9.380363687097604e-05
9.380363687097604e-05
9.380363687097604e-05
9.380363687097604e-05
9.380363687097604e-05
9.380363687097604e-05
9.380363687097604e-05
9.380363687097604e-05
9.380363687097604e-05
9.380363687097604e-05
9.380363687097604e-05
9.380363687097604e-05
9.380363687097604e-05
9.380363687097604e-05
9.380363687097604e-05
9.380363687097604e-05
9.380363687097604e-05
9.380363687097604e-05
9.380363687097604e-05
9.380363687097604e-05
9.380363687097604e-05
9.380363687097604e-05
0.0005146068999538109
0.0005146068999538109
0.0011626577165639329
0.0018334726513436466
0.001108935136094716
0.0007237767478411579
0.0007237767478411579
0.0011886815410137004
0.0027940935597290436
0.0031921355579859444
0.004010022635309361
0.001625262937521639
0.001208996415175152
0.001208996415175152
0.0018144401623641075
0.0018144401623641075
1.7552906159025525e-05
0.0008171242150855839
0.002564891145411487
0.0015181293186239833
0.004771836663513495
0.0009997781393221153
0.0009997781393221153
0.0002429813020591899
0.002180967780208303
0.0019388745211989956
0.0013299672252175985
0.0013299672252175985
0.002997807842499562
0.00723393929344009
0.004141891403271567
0.003665202601895591
0.0006049752549050244
0.0014489806164934803
0.0028713901964938305
0.0028713901964938305
0.004791717573491618
0.004598730081354039
0.004593719983140149
0.007859877577500696
0.006552149997354007
0.007455188933748611
0.0018111542526090367
0.0010852664194704801
0.004972967062495184
0.0025596136454264645
0.0019035702280405303
0.0029587050057799705
0.003367110295383223
0.0022935434600286474
0.0022935434600286474
0.0006364110367727875
0.0008604696772943922
0.0019066222458905613
0.0003638795985826545
0.0003638795985826545
0.0003638795985826545
0.0003638795985826545
0.0003638795985826545
0.0003638795985826545
0.0003638795985826545
0.0003638795985826545
0.0003638795985826545
0.0003638795985826545
0.0003638795985826545
0.0003638795985826545
0.0003638795985826545
0.0003638795985826545
0.0003638795985826545
0.0003638795985826545
0.0003638795985826545
0.0003638795985826545
0.0003638795985826545
0.0003638795985826545
0.0003638795985826545
0.0003638795985826545
0.0003638795985826545
0.0003638795985826545
0.0003638795985826545
0.0003638795985826545
0.0003638795985826545
0.0003638795985826545
0.0003638795985826545
0.0003638795985826545
0.0003638795985826545
0.0003638795985826545
0.0003638795985826545
0.0003638795985826545
0.0003638795985826545
0.0003638795985826545
0.0003638795985826545
0.0003638795985826545
0.0003638795985826545
0.0003638795985826545
0.0003638795985826545
0.0003638795985826545
0.0003638795985826545
0.0003638795985826545
0.0003638795985826545
0.0003638795985826545
0.0003638795985826545
0.0003638795985826545
0.0003638795985826545
0.0003638795985826545
0.0022266288728876983
0.001941506083845986
0.003037317391343137
0.0016579368645799697
0.001971344053667266
0.0006293858726660198
3.479615124513634e-05
0.0005178195701484215
0.0013556420958968822
0.0020777631162338314
0.0006841036642547718
0.0014154803384274178
0.002246642318682402
0.002246642318682402
0.00010818609644304682
0.00010818609644304682
0.0005803112506757165
0.00015473062343611356
0.0015641436386722722
0.0037665654894750923
0.0016444909409529555
0.0023727291258777987
0.0007856792659192978
0.001671871101013647
0.0005229673252913087
0.0005229673252913087
0.002689660616883268
0.0045555368846344245
0.002515234707489491
0.002515234707489491
0.0017671144694123221
0.00065317099571389
0.0023387888404704064
0.0018153247895978085
0.0024535504164431934
0.001463927226817159
7.854531586721364e-05
0.0014949805017390378
0.004205044930808227
0.0034166394427818172
0.004319107430682618
0.003996479565970458
0.0011976381599950149
0.0017688236220788187
0.00034952907178485704
0.0009464070357533294
0.001930455187528704
0.0003803614472875506
0.0003803614472875506
0.0003803614472875506
0.0003803614472875506
0.0003803614472875506
0.0003803614472875506
0.0003803614472875506
0.0003803614472875506
0.0003803614472875506
0.0003803614472875506
0.0003803614472875506
0.0003803614472875506
0.0003803614472875506
0.0003803614472875506
0.0003803614472875506
0.0003803614472875506
0.0003803614472875506
0.0003803614472875506
0.0003803614472875506
0.0003803614472875506
0.0003803614472875506
0.0003803614472875506
0.0003803614472875506
0.0003803614472875506
0.0003803614472875506
0.0003803614472875506
0.0003803614472875506
0.0003803614472875506
0.0003803614472875506
0.0003803614472875506
0.0003803614472875506
0.0003803614472875506
0.0003803614472875506
0.0003803614472875506
0.0003803614472875506
0.0003803614472875506
0.0003803614472875506
0.0003803614472875506
0.0003803614472875506
0.0003803614472875506
0.0003803614472875506
0.0003803614472875506
0.0003803614472875506
0.0003803614472875506
0.0003803614472875506
0.0003803614472875506
0.0003803614472875506
0.0003803614472875506
0.0003803614472875506
0.0010238798234656224
0.001776686353814585
0.0018853362522189324
0.002906624340561448
0.002281095649432329
0.0029498882316239695
0.0039328186979818765
0.0039328186979818765
0.0013624581297644956
0.0017716540876171558
0.0008650194205762829
0.002568257616281399
0.0012723832287847665
0.0019100449369192176
0.002309422861811267
0.0009356305618104803
0.0012391235482746283
0.0015839763868537842
0.002605118499114571
0.00029785025434651575
0.0018091794317856155
0.0021438197778376215
0.000929681545666086
0.00014436365303615358
0.0022723005819256254
0.003553021207348516
0.0030744826702526987
0.006660254971883353
0.0054832964475602115
0.0017932285360396111
0.0011821291981083614
0.0035951028934787656
0.0025436324331478285
0.00217158405410403
0.0010545125993078205
0.0029530347719253468
0.000161818407794969
0.003055351303569538
0.002158537842045991
0.002158537842045991
0.0011439550887754999
0.0004962133853011561
0.0013051079720217441
0.002841384779312302
0.0006433920242121709
0.002486955887879695
0.0014333897753993716
0.00016340625492075296
0.0006024229001352979
0.0013147669296258082
0.0026678434245111663
0.0020278891184407457
0.0015879274760984433
0.0026242152302084123
0.0005036737955010683
0.0017453177626538773
0.0017453177626538773
0.0017453177626538773
0.0017453177626538773
0.0017453177626538773
0.0017453177626538773
0.0002702978001270194
0.0002702978001270194
0.0002702978001270194
0.0002702978001270194
0.0002702978001270194
0.0002702978001270194
0.0002702978001270194
0.0002702978001270194
0.0002702978001270194
0.0002702978001270194
0.0002702978001270194
0.0002702978001270194
0.0002702978001270194
0.0002702978001270194
0.0002702978001270194
0.0002702978001270194
0.0002702978001270194
0.0002702978001270194
0.0002702978001270194
0.0002702978001270194
0.0002702978001270194
0.0002702978001270194
0.0002702978001270194
0.0002702978001270194
0.0002702978001270194
0.0002702978001270194
0.0002702978001270194
0.0002702978001270194
0.0002702978001270194
0.0002702978001270194
0.0002702978001270194
0.0002702978001270194
0.0002702978001270194
0.0002702978001270194
0.0002702978001270194
0.0002702978001270194
0.0002702978001270194
0.0002702978001270194
0.0002702978001270194
0.0002702978001270194
0.0002702978001270194
0.0002702978001270194
0.0002702978001270194
0.0007593353096534742
0.001980036252424036
0.0016886707651753245
0.003533714271560182
0.002602064572887224
0.0006872930369263581
0.0015692427955177027
7.223267718966782e-05
0.0009047034553481311
0.0037673902601725656
0.0014880475539442266
0.0022272155549180176
0.003264527438947201
0.002841560957660849
0.0013099803223616557
0.002252318671406443
0.00042646839643724734
0.0017109273420886982
0.0017109273420886982
0.002569745857409933
0.0005521536865011236
0.0030980638078721466
0.0012373877895846689
0.0012373877895846689
0.0005049432496385554
0.0005049432496385554
0.0033537526784443647
0.00015479130791836142
0.00015479130791836142
0.0017648649199841484
0.0017648649199841484
0.0018591214222449881
0.0024946877380684577
0.0012606148678858487
0.0013347219503910628
0.00100228237008914
0.0036944172151914265
0.004486431775138512
0.0018360982177916462
0.0004126172972980435
0.0009362740380522078
0.0015815257102486668
0.00015684701043830874
0.00034689997254454903
0.0013966599675540995
0.0017687626285542502
0.0025841967229486944
0.000753267353888865
0.000753267353888865
0.000753267353888865
0.000753267353888865
0.000753267353888865
0.000753267353888865
0.000753267353888865
0.000753267353888865
0.000753267353888865
0.000753267353888865
0.000753267353888865
0.000753267353888865
0.000753267353888865
0.000753267353888865
0.000753267353888865
0.000753267353888865
0.000753267353888865
0.000753267353888865
0.000753267353888865
0.000753267353888865
0.000753267353888865
0.000753267353888865
0.000753267353888865
0.000753267353888865
0.000753267353888865
0.000753267353888865
0.000753267353888865
0.000753267353888865
0.000753267353888865
0.000753267353888865
0.000753267353888865
0.000753267353888865
0.000753267353888865
0.000753267353888865
0.000753267353888865
0.000753267353888865
0.000753267353888865
0.000753267353888865
0.000753267353888865
0.000753267353888865
0.000753267353888865
0.000753267353888865
0.000753267353888865
0.000753267353888865
0.000753267353888865
0.000753267353888865
0.000753267353888865
0.000753267353888865
0.000753267353888865
0.0030818617216524023
0.0011243955833613734
0.000693312175271707
0.000693312175271707
0.0014227592035216746
0.0033375505476016987
0.0005158854556323788
0.0029244203413630564
0.004434229546945461
0.006544151332821355
0.00022230668797682332
0.0017427823795033285
0.0035621412000237836
0.0001550876653696534
0.0013143521825170344
0.0020390406278518514
0.00041437936291075514
0.001715423686831346
0.0010682285644164622
0.002368131070386595
0.0013294445816315476
0.002904800347082893
0.0036096184256417924
0.0013128217157108706
0.0009621383370658949
0.003036283284103782
0.00351526885647443
0.009926435201767543
0.008803952571577348
0.007459538803254307
0.011718379808430816
0.014011158153417146
0.0011567107989855423
0.002019899123290945
0.002124430366074448
0.002124430366074448
0.0018134142070637847
0.0019024963954218247
0.0012604961764321764
0.001158004483757833
0.0021987022217177434
0.0019541663366688944
0.005632552605832257
0.0007345583837128061
0.00031090773851873534
0.00031090773851873534
0.0035950771580013255
0.0012272733556740485
0.0012272733556740485
0.0004861204790150952
0.0004861204790150952
0.0007319133826741225
0.0007319133826741225
0.0009862750458361428
0.0013178706809463682
0.0015469271866658174
0.0003194462452137314
0.0003194462452137314
0.0003194462452137314
0.0003194462452137314
0.0003194462452137314
0.0003194462452137314
0.0003194462452137314
0.0003194462452137314
0.0003194462452137314
0.0003194462452137314
0.0003194462452137314
0.0003194462452137314
0.0003194462452137314
0.0003194462452137314
0.0003194462452137314
0.0003194462452137314
0.0003194462452137314
0.0003194462452137314
0.0003194462452137314
0.0003194462452137314
0.0003194462452137314
0.0003194462452137314
0.0003194462452137314
0.0003194462452137314
0.0003194462452137314
0.0003194462452137314
0.0003194462452137314
0.0003194462452137314
0.0003194462452137314
0.0003194462452137314
0.0003194462452137314
0.0003194462452137314
0.0003194462452137314
0.0003194462452137314
0.0003194462452137314
0.0003194462452137314
0.0003194462452137314
0.0003194462452137314
0.0003194462452137314
0.0003194462452137314
0.0003194462452137314
0.0003194462452137314
0.0003194462452137314
0.0003194462452137314
0.0003194462452137314
0.0003194462452137314
0.0003194462452137314
0.0003194462452137314
0.0001324284740599525
0.0014256842294695005
0.0010070947269608054
0.0010070947269608054
0.004258527060601855
0.0016976586669720656
0.003529119333075141
0.004557951470897216
0.0008130392022197824
0.0008130392022197824
0.0017359941848877946
0.0018104963763144778
0.0028805330271178785
0.0019459381342211667
0.0029383400773468618
0.0029383400773468618
0.00015437070920713402
0.0010354292104209537
0.002428649116622635
0.002423685904939415
0.0009694715913366992
0.0015876323584954669
0.0005430985199594302
0.000763533096343116
0.002899071610098739
0.002695168361908462
0.005178926827152872
0.003451861685575004
0.004568586841301304
0.004252385144309543
0.001134950463847659
0.001134950463847659
0.00022711450578778193
0.005448205854151107
0.001432855139825202
0.0016237000669268968
5.708457577414906e-05
0.002605950706026064
0.0028157774585069765
0.002366624237591579
0.001307884748582868
0.0017492155810996724
0.00019630830761557978
0.001265667654932982
0.001472639219770343
0.0008685835784552247
0.0011661600067608643
0.002079419985701853
0.00014726720592897523
0.00014726720592897523
0.00014726720592897523
0.00014726720592897523
0.00014726720592897523
0.00014726720592897523
0.00014726720592897523
0.00014726720592897523
0.00014726720592897523
0.00014726720592897523
0.00014726720592897523
0.00014726720592897523
0.00014726720592897523
0.00014726720592897523
0.00014726720592897523
0.00014726720592897523
0.00014726720592897523
0.00014726720592897523
0.00014726720592897523
0.00014726720592897523
0.00014726720592897523
0.00014726720592897523
0.00014726720592897523
0.00014726720592897523
0.00014726720592897523
0.00014726720592897523
0.00014726720592897523
0.00014726720592897523
0.00014726720592897523
0.00014726720592897523
0.00014726720592897523
0.00014726720592897523
0.00014726720592897523
0.00014726720592897523
0.00014726720592897523
0.00014726720592897523
0.00014726720592897523
0.00014726720592897523
0.00014726720592897523
0.00014726720592897523
0.00014726720592897523
0.00014726720592897523
0.00014726720592897523
0.00014726720592897523
0.00014726720592897523
0.00014726720592897523
0.00014726720592897523
0.00014726720592897523
0.0008495622191675904
0.0013694760270502634
0.0014134390595225473
0.0007094108785642813
0.0007094108785642813
0.0015880301310471478
0.0024364057279473617
0.004960907840067124
0.008191376252502588
0.007641323971594815
0.0048330472466008925
0.00038467251327207325
0.00038467251327207325
0.0021569164436212054
0.0027453731748579412
