[0, 0, 0, 0, 0]
[-27.86065302 -27.81989227 -27.73115679 -27.81299969 -27.71402307]
[0, 0, 0, 0, 0]
[-28.1974378  -26.99460596 -27.88856578 -26.53698688 -28.7816067 ]
[0, 0, 0, 0, 0]
[-27.60231664 -25.50841217 -25.6732615  -26.32415767 -25.4863098 ]
[0, 0, 0, 0, 0]
[-26.00535934 -25.81060758 -26.57403996 -25.08448567 -24.95190839]
[0, 0, 0, 0, 0]
[-28.49101684 -28.26986435 -27.40876199 -27.23344136 -29.01165995]
[-30.04777744 -29.61761485 -29.47153178 -28.47899782 -30.32951758]
[-30.38660294 -29.56342753 -30.06182038 -29.09547015 -30.13520299]
[-30.88538177 -29.60336957 -31.43293099 -30.98410966 -30.94773097]
[-30.15994827 -32.17345369 -31.76163301 -31.36783631 -32.09233687]
[-31.10716148 -32.56988115 -32.38175111 -31.99973412 -31.89668536]
[-38.15369808 -39.52084042 -38.34219599 -38.16702774 -39.00706768]
[-39.84558652 -39.53063094 -38.65739157 -39.92726925 -37.41963475]
[-37.57910274 -37.84192019 -38.31274147 -37.66759825 -38.67118549]
[-37.68085767 -37.83486846 -38.0462191  -36.89713534 -35.2590362 ]
[-38.81689495 -38.2045454  -38.79354543 -38.44955759 -39.32209422]
[-45.63961036 -47.90121945 -47.79620451 -48.40342033 -47.25375626]
[-48.76297346 -46.23863203 -47.4944044  -48.97802473 -48.84906538]
[-47.94843583 -47.35523987 -47.04062186 -48.62054944 -47.57165931]
[-48.54535336 -48.85949899 -49.49865178 -49.11572497 -48.17251183]
[-48.58318049 -49.63588575 -48.92079284 -48.99760971 -48.19507094]
[-59.378624   -58.14725339 -57.80984044 -57.60256691 -59.33349618]
[-61.60315078 -61.58307858 -60.09559633 -61.15931274 -62.83118999]
[-58.74142525 -60.40082337 -59.43391806 -59.72713575 -59.88144049]
[-60.099629   -59.70949968 -59.95507154 -59.72812213 -60.69690786]
[-56.48549799 -56.99762171 -56.0594297  -56.630339   -56.54383997]
[-59.99719311 -61.10409244 -62.44551182 -62.16978891 -61.60941584]
[-60.28741015 -60.30313272 -59.36007877 -60.30341565 -61.13153889]
[-60.85829772 -60.52323447 -61.65073042 -61.3618891  -61.57991244]
[-59.85089988 -60.7868363  -59.94192687 -60.76914621 -59.16338808]
[-57.13459516 -57.32205193 -56.84464628 -57.16527082 -57.0054783 ]
[-60.98088833 -60.80693184 -61.29116631 -61.34344121 -61.14932492]
[-60.34020956 -61.07154564 -59.55859756 -60.71928319 -60.28081443]
[-58.24805759 -60.11189778 -58.35196811 -59.27899164 -59.82285878]
[-58.49424935 -58.74450996 -59.63294131 -58.6092114  -60.02825891]
[-59.95868916 -60.99223091 -61.11576603 -60.86660837 -61.79943853]
[-57.90830858 -57.64874729 -56.98998162 -58.53680734 -58.65690511]
[-59.46770002 -59.42005106 -57.89233743 -58.11637341 -59.26605121]
[-56.57258706 -56.34632923 -58.27538    -57.52376941 -58.70595733]
[-58.68293615 -58.28678521 -59.20056635 -57.1065088  -57.29524986]
[-58.81773803 -58.02420088 -57.64718136 -58.24746111 -59.54041467]
[-58.76159793 -61.70512815 -60.26990308 -60.79692263 -60.17952201]
[-59.61211743 -60.78463205 -59.83332975 -60.28808969 -59.11887891]
[-60.57975436 -60.85700766 -59.74918492 -61.52558773 -60.42068538]
[-59.08301378 -59.40340945 -59.92046219 -60.46474472 -57.64988704]
[-59.076083   -60.04075175 -59.91227112 -59.13428981 -59.57931498]
[-64.59155829 -65.14370617 -64.01374529 -65.73122261 -62.20666277]
[-63.75995055 -64.94091063 -63.43699749 -63.61069093 -64.53417898]
[-65.08988202 -64.96351863 -62.82576649 -64.66412441 -63.94727446]
[-64.98105499 -63.83969619 -64.4496629  -65.28962581 -64.59057688]
[-63.48621744 -62.81699566 -62.92793327 -63.56614522 -62.48764974]
[-71.86638507 -69.75942328 -69.8203971  -71.24935165 -70.06526965]
[-66.7357953  -69.06171008 -68.03428396 -67.79766924 -67.2194177 ]
[-70.37057828 -71.12235413 -69.89874099 -70.67681077 -71.22894228]
[-68.08740314 -68.81726221 -67.72210068 -68.12057011 -69.25282391]
[-68.2169696  -66.47704961 -66.60304791 -68.54146384 -67.60983115]
[-73.03871602 -72.50534548 -71.42659711 -71.19652208 -71.99500281]
[-72.32780994 -73.02248641 -73.99142668 -73.72067487 -73.51600775]
[-72.3760261  -72.87602387 -73.34073041 -72.68241349 -75.14113192]
[-72.59040432 -72.46577671 -72.29404206 -72.79639601 -72.14210354]
[-72.44980518 -74.95703111 -72.71900965 -72.32055235 -72.71681015]
[-75.50631356 -75.38589013 -74.65056026 -76.53303435 -74.1983503 ]
[-73.52777405 -73.77307508 -75.50877247 -73.13598175 -73.37808773]
[-77.73804523 -75.82435192 -76.093247   -75.69525797 -75.81240212]
[-74.02481782 -74.57376488 -75.11126206 -74.21841172 -73.76037207]
[-76.3007303  -76.13691539 -75.33600929 -74.69860271 -75.4492154 ]
[-80.22226705 -81.82746632 -81.97398919 -81.57042227 -81.53125416]
[-80.46039301 -79.6320706  -79.75811723 -81.59399071 -82.09590966]
[-80.87915951 -78.21302145 -78.7419057  -80.05813279 -80.00590502]
[-77.97187498 -77.60117946 -78.2332125  -78.33387009 -78.17069074]
[-79.37039843 -79.71404672 -78.50090417 -80.18559712 -79.68587826]
[-81.49215814 -81.194448   -81.01886341 -82.14281026 -80.97363614]
[-83.99454324 -83.81997667 -82.93606412 -83.27293084 -83.39505218]
[-82.53769861 -82.9088813  -82.4732345  -83.62836861 -82.84015158]
[-83.13279208 -82.66609311 -81.83350279 -85.06012031 -83.6375357 ]
[-82.38466908 -83.98877039 -81.81132483 -83.49256061 -83.20827841]
[-79.86813499 -79.82594101 -79.951117   -79.08715908 -78.29300864]
[-81.50000351 -80.56917463 -80.98648341 -80.94938021 -79.67635949]
[-82.02180781 -82.01344843 -81.76758691 -81.17458394 -81.97914616]
[-80.63331606 -81.04392942 -79.51711989 -80.00927119 -82.41456806]
[-84.45474656 -83.69005201 -84.17813666 -83.11612785 -84.3670322 ]
[-73.32116691 -74.70652071 -73.70059651 -73.63363717 -73.68219868]
[-79.33754019 -79.12558845 -79.56682075 -78.48255422 -76.68012509]
[-77.61618436 -76.89014504 -77.19950678 -76.1525228  -78.72383435]
[-77.67757587 -76.8732405  -76.43393118 -77.93770389 -76.89730619]
[-76.86099153 -76.58629459 -76.32135095 -76.94323553 -78.0627709 ]
[-78.29513032 -76.54234502 -78.65092039 -77.66729525 -78.35487032]
[-78.21765367 -74.68730059 -76.09425587 -75.83498648 -75.29426034]
[-77.16842938 -77.19038518 -76.64085277 -76.00088426 -75.9855564 ]
[-80.04813792 -79.26447779 -79.63372715 -78.78836201 -80.57800455]
[-77.95348755 -78.73282746 -79.38258481 -78.48586528 -77.33257408]
[-76.16280636 -74.69627844 -73.34681498 -73.84975115 -74.37128466]
[-76.5898581  -78.71179532 -76.6836631  -76.65478433 -77.20433846]
[-74.1174241  -76.63812341 -76.50486742 -75.1890181  -75.00092169]
[-76.4831804  -77.18762586 -76.83768005 -76.71735763 -77.26297651]
[-72.8513897  -74.98724726 -74.77463054 -75.76343051 -74.0320975 ]
[-72.05113885 -73.09053815 -72.02197495 -70.32204825 -71.88137732]
[-74.10668539 -74.56884874 -73.73730568 -73.49260571 -74.13118447]
[-72.66597199 -72.38411264 -72.97173917 -72.97152752 -71.05353908]
[-71.87477719 -71.94295621 -70.35006597 -70.04162345 -70.92306171]
[-73.56062174 -74.53356048 -74.04848477 -73.90145377 -73.46582692]
[-73.88950267 -72.7813378  -72.26201404 -72.14234676 -73.16191822]
[-71.67172093 -71.59768286 -72.22932215 -71.36286088 -72.22075244]
[-70.00952259 -69.70021631 -70.44047846 -70.48921303 -69.95495858]
[-73.9751856  -73.0457594  -72.59171894 -73.79723047 -72.73804615]
[-73.43944894 -74.68226763 -72.9995459  -72.871025   -72.33091695]
[-76.38166674 -76.91416763 -77.039577   -77.97909761 -76.43633821]
[-75.81624578 -75.26035611 -76.82534017 -76.4414708  -75.45076126]
[-73.71602667 -73.43593307 -73.00891724 -72.88665697 -73.39626238]
[-74.13336444 -74.7693409  -75.7800528  -74.10244862 -75.79851592]
[-73.0788218  -74.28419716 -72.51678998 -71.44665682 -72.47010804]
[-77.64165365 -76.21827933 -76.86214876 -76.95907483 -75.99665914]
[-78.39073962 -77.61517626 -77.51065954 -76.97350165 -78.29423497]
[-74.53611472 -74.25179972 -75.4851416  -74.52947895 -75.38255073]
[-76.73081236 -76.45733063 -76.25346946 -75.99651813 -77.4997774 ]
[-76.44152627 -76.45605412 -75.16670058 -76.84184908 -76.5073238 ]
[-75.43306311 -74.51268122 -74.18234049 -75.5602287  -73.24732614]
[-71.815112   -73.53089343 -72.66526423 -73.13764999 -72.85794999]
[-73.91613375 -74.18230876 -75.05624429 -74.79331658 -73.5577508 ]
[-68.43202669 -68.88997998 -69.72117346 -69.8379175  -69.0234284 ]
[-69.52657037 -71.84664335 -70.74447978 -72.6387769  -71.23610037]
[-72.7331027  -73.63190924 -74.27858712 -73.64985546 -73.5010502 ]
[-73.70833028 -74.93889288 -73.54869292 -74.23338939 -74.372037  ]
[-73.46983532 -73.76217849 -73.86105309 -73.07698579 -75.32879948]
[-75.67219931 -74.52893152 -75.12453706 -75.78338758 -75.7985385 ]
[-73.90516533 -75.83024901 -73.48758072 -74.99348506 -72.72101588]
[-72.73391825 -72.43099791 -72.23923936 -72.96449907 -71.82635304]
[-72.45119444 -72.11885897 -71.60317507 -71.87757384 -71.40211582]
[-73.830718   -71.8656488  -72.03490354 -73.16202222 -73.31166996]
[-73.65989479 -74.94553907 -74.27212933 -73.62053119 -73.74328668]
[-76.05733732 -76.72113676 -75.9380654  -76.87377187 -77.03140128]
[-70.36869585 -71.91980978 -71.28610378 -71.76540651 -73.22870865]
[-72.45706294 -71.00996577 -71.41164984 -71.13680577 -71.43535334]
[-72.06550825 -73.36254094 -73.82385404 -71.58160317 -72.72398555]
[-74.34256184 -74.21001173 -75.52305479 -73.57769952 -74.95530352]
[-71.0289343  -70.66927701 -70.67442491 -70.39327016 -70.63827143]
[-75.3744828  -74.94625932 -75.95276146 -73.63236541 -74.71547716]
[-71.6117502  -73.28440648 -72.97381459 -71.8470195  -72.04982208]
[-73.2956453  -73.88478535 -74.37273909 -75.19379255 -73.00853118]
[-75.70790381 -75.63439761 -74.65522092 -75.98915841 -75.53284603]
[-75.17919388 -76.54967426 -75.90463497 -75.68856305 -75.80974514]
[-73.41119567 -72.76527423 -71.38416386 -73.80376028 -74.15144345]
[-71.32134805 -73.16642055 -73.09367412 -72.83319841 -72.2837626 ]
[-74.59421068 -76.5008374  -73.27465195 -75.51171159 -74.7048172 ]
[-69.43461488 -71.59837561 -72.17050581 -72.4833602  -71.04634571]
[-75.12434476 -73.48423047 -74.04157425 -73.70158517 -73.85149327]
[-68.17237615 -69.41861867 -68.86097418 -70.62005413 -69.43001904]
[-67.42010468 -68.55252089 -68.0335189  -67.67783893 -68.45494599]
[-70.15737232 -70.32662621 -67.56391626 -68.77974889 -68.98868899]
[-67.9593187  -68.60385813 -68.58216337 -70.21827319 -69.09831101]
[-68.98166879 -69.34707904 -69.76733161 -69.53011163 -69.9035869 ]
[-63.9767104  -63.37568687 -63.30152744 -63.60489275 -62.96490788]
[-65.85176563 -64.34727167 -64.70305117 -61.66988951 -65.34833067]
[-63.96825847 -64.55422588 -63.98368991 -63.78216747 -63.66941482]
[-66.04128789 -66.07427355 -66.68666029 -65.56856406 -65.93658853]
[-63.42034341 -64.65790952 -62.79748016 -63.94888531 -63.0405998 ]
[-60.43105748 -61.66739385 -62.42347555 -61.6254099  -61.3119033 ]
[-63.3654549  -62.44520612 -60.71871201 -61.9721493  -64.76583742]
[-62.5620028  -61.8813899  -60.90216105 -60.12290486 -63.36396311]
[-65.061771   -63.47090333 -62.97348982 -63.27828926 -65.82893437]
[-59.9358955  -61.00171696 -59.59641838 -59.1352119  -59.98677279]
[-56.02840639 -56.6381171  -56.67003672 -56.28915934 -56.3963361 ]
[-56.91314529 -56.79086003 -57.5068515  -57.14072236 -57.01139922]
[-54.88410108 -54.45432561 -55.02763838 -55.11031835 -55.19233803]
[-55.06229815 -54.87428133 -57.16708475 -55.14541081 -55.12004036]
[-57.47149778 -57.36094424 -57.80265649 -56.23858655 -57.54664195]
[-54.96112406 -55.37474205 -54.96593214 -54.88306378 -54.5484523 ]
[-58.09381014 -56.47077219 -57.73700707 -56.06859439 -56.01620051]
[-56.49767001 -54.77710532 -55.62548675 -54.06661673 -55.16921782]
[-56.71500536 -56.90756618 -55.86681357 -55.22613001 -57.15524394]
[-56.40061144 -55.20046682 -56.24775267 -55.95190203 -55.58963889]
[-52.80317414 -53.60789458 -54.04885815 -54.24312437 -54.73675491]
[-53.89563242 -55.75855991 -54.41082396 -54.82887075 -55.17776998]
[-53.31610388 -53.94050394 -54.29187853 -54.86260682 -53.97923432]
[-55.62958752 -56.44162669 -53.5895831  -54.32372182 -57.14304905]
[-55.85148837 -55.71994562 -54.3580116  -55.64184726 -55.54766493]
[-51.8991999  -52.61267864 -52.90325077 -51.24496006 -52.19365585]
[-47.92088227 -49.89905567 -50.02141555 -50.94747914 -50.14518313]
[-52.13747704 -52.50063989 -52.48283241 -52.32402464 -52.19345452]
[-52.59354801 -52.30971085 -51.13374177 -51.63347565 -51.53165293]
[-51.17391767 -52.73511018 -49.86680019 -52.47753507 -52.8717004 ]
[-49.67393573 -48.21909755 -48.35143528 -49.67830856 -48.70408081]
[-50.91486077 -50.40511426 -50.95926028 -52.53084774 -51.41806906]
[-49.31642096 -48.59179066 -49.54875656 -47.93615583 -49.75609937]
[-50.84448743 -50.54266395 -51.54090015 -51.00371935 -51.09296759]
[-51.67345359 -52.5485941  -51.19129344 -51.74831511 -50.28408392]
[-49.35882294 -50.05359485 -50.98176154 -49.65111717 -50.33606353]
[-51.14026664 -49.75598012 -49.90335475 -50.56551391 -51.34299428]
[-49.8850715  -50.71955953 -51.05301618 -49.28811824 -51.47419682]
[-48.72277312 -49.13431439 -47.31223601 -50.13395191 -49.36064827]
[-48.74117869 -49.19604692 -47.43579933 -49.16896494 -48.23279805]
[-49.69258432 -50.90340004 -49.9756202  -50.03152897 -50.0085805 ]
[-52.07669162 -51.99300967 -51.68982735 -51.34913626 -51.60112959]
[-49.84075826 -52.93118057 -51.65197796 -52.01456181 -52.37904481]
[-50.85486949 -49.47294961 -52.06587982 -51.35260244 -51.4395932 ]
[-49.07147747 -48.99350135 -48.50013687 -49.57783799 -48.10471235]
[-54.85018635 -56.69066411 -55.63790631 -54.68238047 -55.03103596]
[-54.34167968 -53.90083381 -53.78021649 -53.97782591 -53.18561345]
[-53.51402607 -54.45634774 -53.96140312 -52.6317946  -54.36823225]
[-53.92930252 -53.87312926 -54.75007225 -53.74730642 -54.82087453]
[-55.37970912 -56.75583263 -55.86811564 -56.44573589 -57.34330833]
[-59.09953217 -59.63505699 -58.76871818 -57.79718444 -57.70555864]
[-57.87366119 -58.32733654 -58.34910948 -59.18046921 -58.52475655]
[-57.72316393 -57.44249256 -56.68270692 -56.48415029 -57.83304895]
[-59.51157686 -60.19520576 -61.22117719 -62.33953832 -61.19082257]
[-58.17893529 -57.06773454 -57.64652888 -58.67685424 -58.28029206]
[-62.07383081 -62.61745988 -61.31847461 -61.3444088  -62.40877778]
[-62.16352097 -62.41428367 -62.01047786 -61.80319977 -62.9968833 ]
[-62.1477534  -63.3748047  -63.0422677  -63.20794421 -63.42688014]
[-62.334332   -62.37677362 -62.15531872 -60.68770269 -62.15176753]
[-63.55085218 -62.30810988 -62.39530819 -62.12476307 -61.52660847]
[-64.47556078 -64.11400754 -63.9469577  -64.40746315 -63.92921127]
[-66.71730334 -65.45671189 -65.73955352 -66.7722103  -66.38448176]
[-63.48162748 -65.62797107 -65.3630682  -63.74360154 -65.78901728]
[-65.95954757 -64.80282823 -66.10188733 -66.03023117 -66.20844183]
[-65.75374357 -67.77874447 -66.68853283 -65.67050169 -65.28542482]
[-64.48611279 -64.46309419 -65.38455667 -65.27365194 -66.13177301]
[-62.94485563 -62.62245687 -62.35965565 -62.66681397 -63.55234637]
[-65.7121918  -64.99170451 -66.55984204 -65.23227021 -65.76656459]
[-67.84097138 -67.36954376 -68.44718055 -67.36129156 -67.16419281]
[-64.92922492 -65.4084635  -64.65195179 -64.14079664 -66.10386393]
[-70.80214251 -70.69427126 -70.46366072 -71.19601706 -70.93409009]
[-69.70298128 -68.29275837 -70.91790776 -69.63662599 -70.40078531]
[-70.6968228  -69.21584359 -70.46104991 -69.33325425 -71.77018956]
[-73.27714619 -72.59391273 -72.17098093 -72.931809   -71.90118437]
[-69.71487205 -71.40404799 -71.64888544 -70.0644128  -71.05769859]
[-78.12823084 -75.76950013 -78.57798179 -78.08192998 -78.42799244]
[-77.720917   -79.61952491 -81.41719812 -80.65049743 -78.9072935 ]
[-76.90093328 -77.95116006 -77.08414402 -78.36520559 -78.90966861]
[-78.4576102  -78.41193828 -79.22753481 -78.0289497  -77.47178464]
[-78.65254937 -79.71299255 -80.09097607 -80.39515373 -80.70206756]
[-83.6323302  -83.07275373 -83.49803053 -83.40677705 -83.96025334]
[-82.81085426 -84.80470634 -84.34755581 -82.49309638 -83.27529152]
[-83.58511312 -82.82912228 -83.98970207 -83.07811855 -84.5719709 ]
[-80.86846697 -83.41918248 -83.35678377 -82.35030164 -83.91148912]
[-81.73258186 -80.93704541 -80.17253717 -80.64485672 -80.08837977]
[-87.39242348 -87.42609726 -86.9222638  -88.72489408 -87.72268854]
[-88.30244691 -87.78768338 -88.21660246 -87.50498442 -88.00751268]
[-90.02945198 -90.10217626 -88.60265361 -89.24864104 -89.52096383]
[-85.75114359 -87.02660408 -87.5666951  -86.31201348 -87.6560322 ]
[-88.54515122 -88.2632267  -88.05511187 -87.45480035 -85.8678342 ]
[-79.64077955 -79.12728425 -79.29654899 -80.2037362  -81.93419835]
[-77.87661411 -78.97997567 -80.56571847 -78.98783827 -79.92568433]
[-79.52065659 -79.80757075 -80.07821421 -78.53511429 -79.23946515]
[-79.57050683 -79.05633135 -80.34710736 -80.91201142 -78.91715218]
[-79.38769967 -78.64720577 -77.06034162 -78.32854023 -78.66048028]
[-73.05599914 -73.21112899 -72.3770219  -72.82505567 -73.42992211]
[-74.17205389 -71.86603011 -73.53262893 -74.6796692  -72.53254617]
[-72.99963027 -73.35004188 -74.72718701 -72.68941031 -73.00058263]
[-74.16712815 -74.37290379 -75.68509633 -73.80018527 -73.66223477]
[-75.13208001 -74.65487217 -74.15319113 -74.58284353 -75.99358711]
[0, 0, 0, 0, 0]
[-72.73319623 -70.55830986 -70.9187063  -72.33170476 -72.50302332]
[-70.57222417 -70.00257959 -69.71182697 -70.85363498 -71.92074219]
[-73.84741073 -72.26753071 -72.94954102 -73.89457027 -71.95561394]
[-70.65658734 -73.01937017 -72.36150588 -71.03158107 -71.71369368]
[-73.22267605 -73.20588463 -73.07261613 -73.34331028 -71.83854476]
[-69.89833818 -70.90163637 -70.35828355 -69.56543296 -72.42175376]
[-72.30452308 -72.08472459 -71.32660162 -70.74405394 -70.97988356]
[-74.68894136 -75.43809041 -72.56775829 -74.94991664 -75.3600722 ]
[-70.8806547  -71.82104775 -72.27697735 -72.17324922 -73.42930479]
[-72.446246   -74.38627471 -71.93545655 -73.60973182 -72.35944411]
[-73.59814773 -72.47901987 -73.08938015 -72.7217824  -72.94104576]
[-72.3025636  -72.94006279 -74.52125382 -72.09951349 -73.94679694]
[-68.01630096 -68.61771013 -68.05643854 -67.82671537 -67.85887338]
[-72.05800023 -71.88659161 -72.21181913 -72.29237462 -72.04127407]
[-72.3099344  -72.23098766 -72.45371108 -71.97177537 -72.4321369 ]
[-66.95600923 -65.99521972 -66.38793857 -66.87638247 -67.2171394 ]
[-64.53111996 -66.69238715 -65.60356944 -65.93067859 -65.26670646]
[-68.63838469 -66.48929316 -68.434927   -65.73463779 -68.50695494]
[-68.42416659 -68.50976266 -68.37942748 -66.83987787 -69.59332454]
[-67.26879441 -65.29759699 -65.9170642  -65.14856469 -67.01037646]
[-66.90958467 -66.46713084 -63.7475546  -65.98618172 -64.60296843]
[-66.36492094 -67.70730141 -69.11748715 -66.21905784 -67.66462385]
[-65.41199039 -65.38456924 -66.18599414 -66.69569268 -65.59508616]
[-67.35327209 -66.93107649 -66.52649978 -67.46412349 -65.82304942]
[-66.8550769  -66.02127887 -67.2554439  -65.19861283 -65.98334761]
[-68.42647972 -67.67914653 -66.96060345 -67.03457658 -68.81705808]
[-72.85411888 -72.48749725 -71.29791297 -72.79680301 -70.02343667]
[-72.19217202 -70.23788903 -71.12056772 -72.87937874 -71.07523165]
[-68.29415842 -67.95700961 -67.00594527 -69.26392017 -68.64221006]
[-66.84071494 -67.08266675 -67.4125597  -68.17542687 -68.8239155 ]
[-68.48196896 -69.77763263 -70.62592314 -69.67741454 -68.63998202]
[-72.65116087 -68.50175049 -70.83648791 -69.92724361 -70.4128509 ]
[-69.10673286 -69.84427305 -70.12307739 -68.99425952 -67.6733731 ]
[-71.41274163 -70.54618279 -71.12156181 -68.93085339 -70.65007511]
[-70.19801141 -70.0777862  -70.59383362 -68.56041934 -69.34505461]
[-67.18420078 -68.1215962  -66.65219461 -68.77414525 -68.90111012]
[-69.25007442 -69.31272962 -68.4653435  -68.80221743 -68.96645321]
[-68.97869263 -67.64534977 -68.90669763 -68.76975361 -69.95025837]
[-67.68432234 -68.21928718 -67.67863921 -67.62687779 -69.12121601]
[-68.23193615 -67.3497826  -69.18826036 -66.50011724 -67.15973812]
[-63.80066217 -61.36064165 -63.29346436 -62.27206048 -61.80184771]
[-64.47960288 -63.70359645 -64.43217632 -64.28047496 -63.48517185]
[-63.19536153 -62.71704014 -62.83876305 -62.13050932 -63.46543966]
[-62.54421163 -63.7618234  -62.18548996 -63.63973498 -63.14312794]
[-64.75842392 -63.84593503 -63.04509226 -64.75090041 -65.49681757]
[-67.90893488 -66.61019308 -67.37223016 -66.98974171 -67.01289621]
[-67.62787136 -66.87098072 -66.92887589 -67.77526252 -68.14128281]
[-67.81224782 -68.96378903 -68.77221597 -68.26750519 -69.08846409]
[-67.92246958 -67.98881313 -68.64872671 -68.04189414 -67.37522362]
[-67.06892502 -66.73483803 -66.11718932 -66.41153162 -64.87842499]
[-73.92075395 -74.62532342 -73.90761275 -73.15014456 -75.80864713]
[-75.04695495 -75.94936392 -74.05244511 -75.36177691 -74.79773492]
[-73.59088734 -72.24127964 -74.25373631 -73.35302796 -72.44319429]
[-74.13932136 -73.54140799 -73.58376803 -73.67112354 -74.45002798]
[-72.33832733 -72.79638882 -71.08339557 -74.36174296 -73.33235945]
[-75.33253291 -74.21898602 -74.18778103 -75.24933193 -74.20492431]
[-72.76597631 -73.71971665 -73.22358512 -72.24601138 -73.14127622]
[-71.70927146 -70.63296599 -70.46433156 -71.21839265 -71.90911501]
[-71.1618798  -71.93321605 -70.2533229  -72.18868721 -71.45783694]
[-72.39300227 -71.34565929 -71.88699497 -71.45989973 -71.89239953]
[-68.47826717 -66.25301532 -68.22040562 -68.79256949 -67.94833448]
[-66.81907112 -66.65735443 -65.43584657 -66.92262173 -67.49804319]
[-67.09263882 -66.55302588 -65.94437679 -68.1514763  -67.57469127]
[-67.04042176 -65.82290838 -67.4168628  -67.1749933  -65.61232264]
[-67.21415078 -68.11874282 -67.79834394 -68.34758289 -67.22125585]
[-62.30175794 -62.74876576 -59.79763343 -59.57744779 -62.02262742]
[-62.41533607 -59.29766907 -60.68215786 -62.70102334 -60.23042097]
[-61.07614806 -61.19108751 -61.5799013  -60.28990121 -60.9386498 ]
[-61.14116424 -62.50629657 -61.21763674 -62.19717086 -61.04667545]
[-60.14902244 -60.65837011 -60.45953723 -59.50605723 -60.80897218]
[-55.0332789  -54.16481496 -54.32809516 -55.13184686 -55.173034  ]
[-54.35748083 -54.67581701 -55.11250638 -53.03960999 -55.5805091 ]
[-57.40662166 -56.3417378  -55.73656075 -55.84932457 -56.43452885]
[-56.39941328 -55.06696018 -53.90851049 -55.74928782 -56.9251842 ]
[-55.61443376 -57.0898194  -55.4687439  -55.52227008 -56.21825281]
[-55.41300272 -55.50477804 -55.24509834 -54.44046052 -54.47769888]
[-54.12267768 -54.99723409 -53.54192006 -53.67441902 -52.98956631]
[-55.33385904 -55.22019128 -53.58906613 -52.97609405 -54.67237096]
[-54.5552984  -55.91896782 -54.81757814 -55.80991654 -55.59038388]
[-54.7270487  -54.64474303 -53.26405657 -54.09612603 -55.49199613]
[-57.39894212 -55.02832956 -56.56044615 -57.62167443 -58.13355712]
[-56.06667919 -56.1600379  -54.48657492 -54.1992365  -55.05223907]
[-53.68768548 -55.30005401 -55.91257163 -55.40365989 -55.6564961 ]
[-54.0865346  -54.93703242 -56.56915605 -56.71882217 -56.33194308]
[-54.56278314 -55.08098475 -53.95846027 -54.28516456 -54.09026448]
[-58.16668007 -59.06283726 -58.52163019 -57.21002591 -58.055345  ]
[-55.86618094 -57.23830542 -57.42128909 -57.07017887 -57.55657336]
[-55.55428691 -57.41360836 -55.65267913 -57.23673395 -56.43556316]
[-58.65308603 -57.24361715 -57.52422415 -58.25230367 -55.89953482]
[-56.82243837 -57.15204987 -56.59095546 -56.47078312 -55.78155409]
[-59.86605445 -59.53741511 -61.93472466 -59.39343587 -58.68731291]
[-60.22655245 -58.2207061  -59.25745976 -59.37469728 -59.117382  ]
[-58.61199171 -59.02069494 -57.38122444 -60.10463876 -59.18731437]
[-57.99128481 -58.49651855 -57.9912068  -59.34153583 -58.29899618]
[-61.02440507 -58.51026259 -60.15887682 -60.096906   -59.59958094]
[-66.12674885 -67.68097071 -67.02757957 -66.94712318 -68.53830185]
[-69.9491056  -68.58277083 -67.57196482 -67.34531236 -67.62834286]
[-68.1761868  -67.61076819 -69.37807744 -69.48007339 -68.75464206]
[-66.26212427 -66.93016531 -66.46657158 -66.39100107 -66.81140305]
[-66.2383476  -65.46436879 -66.70836408 -65.37471069 -64.66203927]
[-75.93449539 -74.63328751 -75.52924701 -73.83703182 -77.72253733]
[-73.70825341 -75.21006174 -74.38126042 -74.36171432 -74.55928389]
[-75.58652263 -74.3489849  -73.60937876 -75.96690868 -74.18571504]
[-73.68580244 -74.68780035 -73.72222245 -75.3940556  -75.34254909]
[-74.89730486 -75.43801206 -75.48768385 -74.81942824 -75.87999171]
[-78.01698053 -78.23749676 -77.70711569 -79.16837486 -79.08987856]
[-75.85011012 -74.99386462 -75.08339019 -75.66889356 -75.30196319]
[-75.78192198 -76.14990549 -76.80250164 -74.91613596 -76.04381488]
[-76.66995751 -76.39233496 -76.69903862 -77.88625577 -74.82774056]
[-77.86929397 -76.81239328 -76.90739766 -78.18126554 -79.13858239]
[-75.73890019 -76.79274946 -75.29291136 -75.48331647 -75.45179668]
[-73.31762542 -71.36285366 -75.89516538 -72.22698908 -73.92819402]
[-74.82743884 -73.28532182 -74.58149624 -76.36538346 -74.20760391]
[-75.29041724 -76.70107417 -76.58815494 -75.87148093 -76.44418819]
[-73.57123965 -74.88710235 -74.58763931 -74.73501031 -73.02473556]
[-75.88093435 -75.17077527 -75.82226705 -75.0963995  -74.89374181]
[-72.70480168 -74.13794316 -72.46648024 -71.67191959 -73.73756189]
[-76.20491775 -75.86038132 -73.72299748 -76.22727428 -74.84995222]
[-73.12680241 -74.45229448 -72.83719725 -74.54297726 -74.51139822]
[-72.75525783 -74.08124811 -71.93277388 -72.43153792 -74.74493081]
[-75.37096342 -75.53315303 -75.63924523 -76.29403884 -72.53229016]
[-73.30451731 -74.31387797 -73.2329294  -73.82636827 -73.95025819]
[-79.4726911  -79.25376391 -78.02069199 -78.28125576 -79.37285959]
[-74.90396443 -75.02616422 -75.38707737 -75.76553787 -75.06629151]
[-77.51153133 -77.18124907 -76.14072507 -78.42953456 -77.87841946]
[-76.9375972  -79.23544856 -77.56086223 -78.0966332  -79.52027478]
[-77.60507059 -76.70810187 -77.96080574 -79.32536707 -78.51928456]
[-82.06008559 -81.81772725 -82.33985128 -82.19931131 -82.12653178]
[-78.76726476 -81.38747617 -79.38976035 -79.95698462 -80.41558342]
[-81.82301738 -80.06682117 -82.04562388 -81.66182263 -82.62273725]
[-79.24883673 -78.96117987 -79.85503614 -79.95762407 -78.66583723]
[-76.74567534 -76.13115752 -76.34438525 -78.36019733 -78.4361074 ]
[-79.90284522 -81.39441379 -78.60124324 -79.49298205 -81.03575978]
[-79.37801659 -79.39608916 -78.39958025 -78.72109837 -80.91785492]
[-81.82973473 -80.22165759 -80.83198814 -79.82157536 -80.76279013]
[-77.06348879 -75.82316724 -75.73560606 -76.17522913 -77.10874152]
[-75.22607527 -75.4233445  -72.89820458 -74.97226012 -72.86812687]
[-75.96909985 -74.69051286 -74.32135987 -75.08021845 -75.14492445]
[-75.43008013 -74.27528739 -74.72489388 -73.92104753 -73.25688321]
[-76.13380602 -75.94006647 -75.73562507 -76.61539183 -75.39933637]
[-65.47818443 -69.15521041 -66.29796987 -68.97426934 -67.13296375]
[-68.02846135 -67.15984269 -67.78800957 -67.3470049  -67.93652841]
[-66.80362675 -67.10486455 -67.20607712 -69.04094858 -69.09495509]
[-67.29065924 -66.67433823 -67.18083309 -67.23041971 -68.28203096]
[-66.2014906  -65.59496246 -66.21215097 -66.45151989 -66.43286968]
[-66.37122872 -64.63874032 -66.84569493 -65.41284173 -64.69252696]
[-68.78040599 -69.4288207  -67.25913624 -69.34754783 -68.55746539]
[-64.2442423  -63.67186086 -63.4764075  -64.53263252 -63.27436723]
[-64.17495345 -64.10976527 -65.8654848  -65.02931529 -66.85167221]
[-66.79230334 -65.83477717 -66.79835903 -66.04478026 -66.91429585]
[-66.15443899 -66.63993012 -66.135259   -65.64943061 -64.94480634]
[-66.11592015 -66.86009067 -65.53954174 -65.32840155 -65.91703769]
[-65.0310294  -66.04337015 -66.23381944 -66.38204234 -64.86579666]
[-64.9523116  -65.23908668 -66.6130321  -65.05714874 -65.86703388]
[-66.83169741 -67.08564626 -66.18147099 -65.9768703  -68.13395939]
[-61.92451259 -62.64956959 -62.48729144 -64.53168161 -62.73043052]
[-64.55557882 -63.64780063 -65.71707938 -65.4483764  -66.15771657]
[-63.06815405 -62.9502299  -63.63111789 -61.77065005 -62.88091422]
[-66.01825857 -65.97770612 -64.68297873 -65.05122736 -65.06068941]
[-63.21294569 -62.33164821 -63.76265841 -63.25479827 -63.82864991]
[-64.83294964 -65.31283503 -63.70720143 -65.45365715 -65.40205156]
[-63.82508915 -62.51379584 -63.31685117 -63.99151333 -64.05598427]
[-62.81692661 -63.41151576 -63.5442123  -64.23108297 -64.2377029 ]
[-66.20263668 -66.03352669 -66.50465475 -65.37981503 -64.71326101]
[-64.86488499 -65.97935627 -63.92119647 -66.69735979 -66.82032417]
[-65.95055267 -65.04620921 -65.71844709 -66.35592211 -67.38598185]
[-66.26373723 -67.50229002 -66.31689636 -65.93127003 -65.62893346]
[-66.10281227 -66.34583516 -65.81882223 -65.92769282 -65.96209189]
[-64.87499783 -66.16350833 -66.12152309 -64.59904723 -64.52322033]
[-65.58223474 -66.1858091  -67.45899001 -65.73366794 -65.78844951]
[-67.49395713 -68.48419914 -68.75356057 -67.3024021  -67.11977788]
[-71.88241754 -71.29586229 -71.3439594  -71.09975409 -70.14288631]
[-69.78694945 -69.19710542 -68.55001768 -68.40759528 -68.22256251]
[-70.55542833 -68.677941   -69.79416871 -68.67568351 -70.97912885]
[-69.8418452  -69.55645785 -68.98474718 -70.04401595 -70.41821458]
[-78.2082469  -78.51402242 -78.65474635 -78.3719643  -79.54248582]
[-77.62441104 -76.94081669 -76.61153129 -76.33612883 -76.24932534]
[-79.16697993 -78.89953659 -79.73047935 -80.19498616 -78.15249774]
[-82.03804079 -81.91580691 -80.43789247 -78.64962655 -80.4399565 ]
[-80.50827745 -80.93953788 -82.25775332 -81.68313935 -82.64550107]
[-92.55145846 -91.43073757 -92.6284857  -93.24269728 -93.40711767]
[-89.97102289 -90.38801729 -91.71065717 -89.85059831 -89.88123385]
[-90.29475552 -91.87801145 -91.83316926 -91.72264184 -92.18078941]
[-89.7230117  -90.43108893 -88.52723366 -89.83253636 -89.32745659]
[-93.56480636 -93.08503245 -92.28526061 -91.67936982 -94.01174779]
[-94.30768627 -92.37081287 -94.28580612 -94.99195754 -94.6630417 ]
[-98.51220366 -98.50905536 -98.82814261 -98.74068643 -98.0092464 ]
[-98.24584893 -96.70248647 -97.7352505  -96.89492744 -96.20946285]
[-98.13897343 -96.85067968 -94.92883944 -97.10927231 -96.11817165]
[-98.90046305 -97.63830378 -96.60019501 -98.20323152 -98.08125978]
[-86.77484212 -85.52572051 -85.8780111  -85.57596501 -87.13067052]
[-87.9499333  -91.23425679 -89.05825426 -88.44259662 -90.53562221]
[-87.22721716 -87.2049735  -87.84199601 -87.84461026 -87.78605343]
[-89.6691567  -89.62342495 -90.23453646 -90.80720059 -88.9583257 ]
[-85.40536493 -85.90448605 -86.36237347 -86.8824861  -87.06754038]
[-76.49737488 -76.12071154 -77.01068624 -76.70886111 -76.51538333]
[-75.36453578 -77.02306155 -74.36687139 -74.87742218 -75.58630834]
[-72.65754305 -75.59211486 -73.52042875 -76.27522338 -74.6416476 ]
[-76.58815311 -77.59546172 -76.73500482 -75.60472458 -75.60812324]
[-76.77368734 -76.64062052 -77.90277238 -76.68527745 -77.51073007]
[-67.55674317 -65.38626636 -67.13120606 -66.4242042  -64.82244438]
[-63.1893654  -64.67027748 -63.8686083  -62.93025299 -63.8442459 ]
[-66.91485487 -68.53919085 -67.65390873 -68.49065995 -68.21601515]
[-66.47161614 -66.74678222 -65.81967978 -66.20132697 -67.03671926]
[-64.89866232 -64.29446048 -67.43383987 -64.93435605 -68.05865652]
[-65.07247219 -67.2067491  -66.45667206 -66.54463237 -64.99561292]
[-63.34306607 -64.01717192 -64.3592928  -64.06011977 -64.38944964]
[-62.49377021 -62.46051365 -63.1642694  -61.62969735 -63.68432533]
[-61.76039579 -63.27966712 -63.0803445  -63.41542304 -63.05510953]
[-63.72677004 -62.2902575  -63.15149222 -64.28848408 -63.73200744]
[-66.58885833 -65.37180984 -67.52520786 -65.86732703 -66.19979731]
[-66.89321716 -66.92334062 -68.04549667 -66.63981676 -66.6746526 ]
[-66.79000201 -67.63033209 -67.19999031 -68.12902112 -67.96289244]
[-67.62696298 -67.68286531 -66.30703094 -66.96857866 -67.48028367]
[-70.46341477 -68.63943354 -70.00395462 -68.44574866 -69.16427292]
[-68.63648609 -69.03273728 -68.43875483 -67.946217   -66.22966547]
[-68.82617118 -69.49338378 -69.55624781 -69.22520035 -68.92868912]
[-68.36245257 -67.10332399 -67.99861861 -67.64562162 -69.00650266]
[-69.2258406  -67.76405532 -69.70096011 -69.7560129  -69.33541811]
[-67.30500055 -67.2137199  -67.88061514 -67.33887509 -67.24403871]
[-65.20039366 -66.56464079 -64.49772987 -64.82616816 -65.29157496]
[-63.67907379 -64.87324444 -66.07914627 -65.8370484  -65.2881539 ]
[-65.17044458 -64.23049388 -64.21266406 -63.50874983 -63.42173814]
[-65.82458892 -64.15303931 -66.31847307 -65.50528617 -66.74917019]
[-66.27872082 -67.0878028  -66.93842687 -66.30321192 -65.99794464]
[-62.65688084 -64.08470987 -62.92847947 -62.7430456  -63.26712725]
[-62.04009851 -62.29224892 -63.25742267 -62.72525173 -62.62914309]
[-62.82912751 -62.76264102 -63.82526663 -63.44442689 -63.02420995]
[-63.5178677  -65.40173582 -65.34628452 -66.2939161  -64.47517173]
[-64.54631555 -64.10190153 -63.19762678 -64.97868619 -63.88404613]
[-68.06140774 -67.70772792 -67.84394814 -68.52940829 -68.7427594 ]
[-67.87590272 -68.74287124 -66.79128352 -66.85794672 -66.36337276]
[-67.47804066 -68.24033429 -65.73439761 -67.9051736  -68.39774809]
[-67.83709065 -68.25792278 -68.97760849 -67.59717992 -67.5462924 ]
[-67.99478009 -67.61524384 -68.8232457  -68.82649768 -68.68412719]
[-77.84187537 -77.93532024 -78.49582531 -78.54872885 -77.43075635]
[-76.51288604 -76.4146328  -77.01910357 -76.06668127 -74.63736094]
[-73.94365015 -74.85692695 -75.94258174 -74.93012385 -74.14995592]
[-76.90173329 -76.72079566 -77.6219431  -78.54072728 -76.86787025]
[-72.72132872 -73.3939742  -74.03712686 -74.1928697  -73.93258299]
[-83.41357164 -81.98877009 -83.71237496 -83.16485454 -84.60505951]
[-82.10701192 -80.90593583 -81.26054215 -83.71558136 -80.97687959]
[-79.59638928 -82.47913731 -81.9791548  -80.8767493  -81.66191889]
[-82.75643902 -81.16941522 -81.65206405 -81.98732561 -82.58016248]
[-84.22455652 -84.79599989 -85.27840516 -84.01788521 -82.12178238]
[-77.80551425 -76.79323944 -76.64929639 -75.29989358 -76.58733286]
[-78.21866845 -78.78439021 -78.48974757 -79.88149676 -77.97132025]
[-79.22652045 -79.39679745 -79.3465528  -79.28234466 -79.12796161]
[-77.38186612 -78.64608154 -76.61774673 -75.92065377 -77.41485509]
[-77.48422871 -78.63779077 -78.44301954 -77.5542828  -78.06464015]
[-70.57754646 -70.10125665 -72.19263858 -71.20141262 -71.36569602]
[-71.95922267 -71.6720396  -73.87099276 -72.72124793 -72.003422  ]
[-72.14898172 -73.64194734 -72.81128389 -72.45592184 -72.76658613]
[-72.22930379 -72.80706057 -73.07297613 -71.62657272 -72.59487494]
[-70.14650236 -68.8893608  -70.75360473 -71.47136712 -71.07756268]
[-65.48389704 -66.89376678 -65.61342056 -63.95454053 -64.94921578]
[-67.7751049  -67.76740612 -68.16330328 -68.87045733 -68.17479432]
[-67.28601896 -66.17868033 -67.81947953 -68.10250807 -67.80562294]
[-67.71637402 -66.0110359  -66.4197458  -66.20460341 -68.63699735]
[-67.44738268 -67.50368127 -65.51924123 -69.35638854 -66.45530407]
[-69.42615858 -68.91069292 -67.27318753 -68.04534762 -68.58287618]
[-69.70833982 -71.64760033 -69.51252515 -70.22420951 -69.82372296]
[-69.81227449 -66.61602874 -67.6851967  -66.80777679 -68.95157276]
[-68.22644611 -69.59146755 -69.1472701  -70.40695428 -69.03771706]
[-71.36984794 -69.44180715 -70.16643853 -70.28683719 -70.61773536]
[-68.6617686  -70.05556648 -70.12032923 -70.42662046 -67.95851247]
[-68.54248161 -69.21792654 -69.61616483 -69.81723922 -68.19819403]
[-69.70026652 -71.50045383 -68.39478283 -69.17586283 -69.97237936]
[-67.37803994 -68.067139   -69.1338927  -70.16731702 -69.13754782]
[-67.16125021 -68.64778627 -66.79441875 -66.89236623 -65.99576081]
