[0, 0, 0, 0, 0]
[-29.19820044 -28.37999449 -28.10729434 -28.35657362 -29.29642191]
[0, 0, 0, 0, 0]
[-26.01695882 -27.61601386 -26.78655326 -28.23611937 -28.36123221]
[0, 0, 0, 0, 0]
[-26.3825841  -26.30730048 -26.24976564 -24.86035568 -27.31234147]
[0, 0, 0, 0, 0]
[-24.87923158 -26.54849777 -25.12184619 -26.07506345 -27.51881564]
[0, 0, 0, 0, 0]
[-27.4207231  -27.05009553 -26.79669006 -27.28041106 -25.49401709]
[-28.76591734 -28.71826514 -27.24612625 -28.40323185 -27.44444152]
[-30.63493532 -29.02346322 -29.37555783 -29.77122607 -28.06082405]
[-26.65162536 -28.94282803 -28.40957984 -26.94521896 -28.51234701]
[-30.60188468 -29.43651448 -30.26460577 -29.99724529 -28.85324348]
[-29.63067339 -29.62340234 -28.13263804 -27.61923202 -29.43591772]
[-29.0256818  -29.47541078 -29.18463818 -28.67379015 -29.02665841]
[-28.76323403 -30.66833548 -29.96051023 -28.89525026 -29.0612366 ]
[-29.79809322 -30.81803356 -30.85319851 -29.73374935 -30.24123795]
[-29.70530315 -29.05117422 -29.79541091 -30.75657937 -28.904877  ]
[-30.4301025  -28.87416504 -30.81158435 -29.12282404 -27.9803111 ]
