[0, 0, 0, 0, 0, 0, 0, 0]
[-41.25167604 -40.22116485 -41.20892389 -40.41159957 -39.49518855
 -39.42350325 -40.10097637 -40.0171418 ]
[-42.32106543 -42.44975434 -42.57036571 -42.53971953 -42.35177101
 -41.99913403 -41.82244036 -43.19859494]
[-42.63139041 -41.53032886 -43.34930952 -41.92701121 -42.83028451
 -42.56250136 -41.96862153 -43.41364362]
[-45.51562273 -45.197633   -44.99534983 -46.30369293 -46.29376889
 -43.74743814 -44.90909133 -46.25483084]
[-47.22747028 -47.97144756 -48.115648   -48.39866762 -47.82210593
 -46.55250191 -48.38497684 -47.98005615]
[-46.75043359 -47.89107502 -47.14007586 -47.39329183 -47.40279763
 -48.06151759 -46.53004995 -46.93083146]
[-48.08415534 -46.82753224 -48.3647243  -48.94379853 -47.63392921
 -47.23743342 -47.48511692 -46.94082131]
[-52.89339454 -51.68510258 -51.84129835 -52.51321249 -52.66920101
 -52.07355857 -53.83219094 -52.39717622]
[-46.02333968 -45.46820269 -47.26753837 -46.65138375 -46.73866148
 -46.88240094 -45.46503336 -46.2214815 ]
[-49.43870318 -50.71527357 -48.55316454 -49.6384623  -50.13561451
 -50.62777427 -49.1359447  -48.41519912]
[-50.09801884 -50.63368633 -51.60045958 -49.66642202 -51.39114393
 -48.99652678 -50.66396808 -49.13576961]
[-53.08429083 -51.88244225 -52.30409483 -52.31301359 -52.24045525
 -50.90503208 -51.2540029  -52.48640634]
[-47.88630411 -49.80626804 -47.83705101 -47.8962313  -47.88479675
 -48.7305859  -48.78812591 -49.81763643]
[-52.30742276 -50.65998298 -51.76677362 -50.13285386 -50.76436941
 -53.05263334 -51.40134318 -51.96106803]
[-55.66533102 -53.04963202 -54.04006947 -54.26491373 -52.68129439
 -53.04951292 -52.13127923 -55.01627332]
[-54.53948106 -54.60092949 -54.39726478 -54.71271598 -53.90584913
 -54.81378933 -53.37468299 -55.05287711]
[-57.28950374 -56.12189961 -56.4430692  -57.54958993 -57.71262306
 -56.73685775 -57.6485039  -55.64013514]
[-57.58763787 -56.82412609 -57.47192454 -58.26590611 -56.76322888
 -57.77462532 -55.3327115  -56.71773817]
[-58.05528387 -58.239096   -59.88476129 -59.45027217 -58.11428933
 -58.71488615 -59.14818749 -58.26877624]
[-59.73761562 -60.10781885 -59.79537086 -59.82779128 -59.95321301
 -59.25022102 -59.8486079  -60.14907026]
[-61.13167302 -58.5150061  -60.08030715 -60.2041124  -60.08677059
 -60.16732625 -60.66316385 -60.46254702]
[-58.05227262 -57.84457975 -59.24621984 -58.39043909 -57.30268615
 -58.87938365 -57.97527516 -57.58168233]
[-54.98843676 -55.9690868  -56.25680146 -55.73266568 -55.21477656
 -56.10555943 -56.29773136 -56.71137291]
[-54.84560317 -54.90134723 -55.35413918 -53.91666508 -55.38564575
 -55.69525265 -55.5520963  -55.26233496]
[-54.14840005 -55.98097015 -55.40780103 -55.34602621 -55.20370368
 -55.27050238 -56.84118135 -56.48264936]
[-56.1446845  -56.74224746 -57.94100104 -55.96377028 -56.14635063
 -56.37952947 -57.98444088 -57.23829303]
[-56.74547676 -57.24562622 -55.09944806 -57.31257109 -55.49359223
 -56.43243243 -56.37737252 -56.08246836]
[-55.45151758 -56.9340243  -55.36953285 -56.53166153 -56.12723769
 -56.90226212 -55.68975812 -57.9339856 ]
[-55.76956714 -55.25161109 -56.24414568 -55.55722997 -55.97447906
 -55.80126465 -55.58183253 -54.92765954]
[-57.26574079 -56.78685817 -57.61730516 -57.14364152 -57.59378554
 -57.72295768 -57.96412233 -57.72626416]
[-58.5072619  -56.37339847 -56.16991026 -58.53245199 -57.55416527
 -58.16911475 -55.99511258 -56.65350317]
[-57.45659858 -56.51754083 -57.28444065 -57.06255556 -57.60693218
 -58.35454335 -57.29420603 -56.56352744]
[-55.96752709 -56.53693064 -57.14106419 -56.11691327 -55.31163235
 -57.53714521 -55.57864552 -56.00028672]
[-56.46732852 -57.25698525 -56.34767155 -56.56876252 -57.86430146
 -55.55068434 -57.04342987 -57.40796657]
[-56.84693029 -56.62772948 -56.87698244 -56.43160982 -57.74828674
 -57.8282805  -57.46677206 -57.60589581]
[-56.19205483 -56.88072381 -57.78337271 -55.68548338 -56.70790745
 -55.11755201 -56.99001777 -57.15243057]
[-55.98579444 -56.85281185 -55.7163525  -55.17131698 -56.30182392
 -56.43297447 -56.16262807 -56.56926397]
[-55.1901384  -56.24740901 -56.48897486 -57.89028928 -56.77372633
 -57.51069809 -56.60233195 -57.19788509]
[-56.53875218 -56.4713227  -56.85899378 -56.61565512 -55.57808028
 -55.62279617 -58.08945938 -56.23123059]
[-58.56952313 -57.56478949 -57.68966649 -57.00608113 -57.24609326
 -57.65050197 -59.43547684 -58.0287507 ]
[-57.65763335 -57.64383285 -57.49929341 -57.73312766 -57.18522886
 -57.35686464 -58.22067483 -58.62501432]
[-58.38477811 -58.42187052 -58.17285721 -60.58949435 -58.51876027
 -60.11592706 -57.88748279 -58.77169378]
[-59.99388321 -60.60221081 -59.2892429  -59.58305759 -59.41707522
 -59.03861796 -59.30523525 -60.48784979]
[-60.00042918 -61.22644061 -60.27365098 -60.30740587 -61.14127503
 -61.66346521 -61.44982745 -60.44813001]
[-60.13776907 -61.21637764 -62.51226669 -62.91273728 -61.89825512
 -61.14581911 -61.98191479 -62.03227797]
[-63.55819468 -63.02100718 -62.69080056 -62.9499723  -61.65639993
 -62.97585656 -63.75817195 -62.68036905]
[-62.87727015 -64.0557457  -63.91469295 -63.02846484 -63.8905397
 -64.6900619  -63.53710322 -64.8096302 ]
[-66.99651315 -68.01021324 -67.75137281 -67.63041375 -68.1297219
 -67.67813026 -68.12151215 -68.75335456]
[-67.34000217 -64.37591885 -64.6357803  -66.10038328 -64.59480374
 -66.3009137  -66.11272702 -67.52503613]
[-68.59279081 -66.99104763 -64.94371221 -67.54482382 -66.85897623
 -67.27366389 -66.30409888 -66.1257243 ]
[0, 0, 0, 0, 0, 0, 0, 0]
[-67.06384191 -67.65862323 -68.63390553 -69.49800729 -69.36666284
 -68.79785747 -70.77272276 -68.91997504]
[-67.16322595 -68.65289798 -70.57762149 -66.5087043  -67.82620011
 -68.71436217 -68.29201556 -69.69482164]
[-70.75240486 -69.8038196  -71.43858811 -70.23492228 -71.43246231
 -71.15529473 -72.03706941 -71.49705857]
[-68.7958963  -66.63145974 -68.32558857 -67.50394259 -67.1799799
 -66.58835679 -67.44298141 -66.91237012]
[-69.9035036  -68.00818151 -68.49951982 -67.67850457 -68.03457205
 -68.36489691 -69.32363412 -68.65427972]
[-70.48681931 -70.70349541 -68.76958452 -69.88912172 -69.71632802
 -69.50006987 -69.65901017 -68.76646252]
[-70.47914968 -70.43696797 -69.15221752 -70.76261382 -69.24331438
 -69.43756059 -68.88752097 -69.9317553 ]
[-68.54342201 -69.87346951 -68.13083885 -70.60925579 -66.50238639
 -68.03944744 -69.4382269  -67.62163083]
[-67.36179633 -68.53814904 -68.57273348 -69.84773969 -68.02841149
 -67.82198082 -68.21292174 -69.07361406]
[-67.857989   -67.50879081 -68.68847419 -68.63363989 -67.43105589
 -68.33777359 -68.26882542 -68.97102586]
[-68.06488646 -68.33422842 -67.18613485 -67.81880062 -66.31422497
 -68.06111995 -67.94627771 -66.78850014]
[-73.00463778 -72.11698544 -73.53640808 -73.78055867 -73.40829735
 -74.94568596 -74.28265055 -72.774475  ]
[-73.42940165 -73.95280953 -73.99111275 -74.18260463 -73.69443193
 -73.06044612 -74.99352886 -73.15183122]
[-78.37015542 -78.12111307 -78.41263968 -76.60723942 -76.71019053
 -79.11056307 -77.29640658 -76.32596502]
[-75.5501869  -77.68393336 -77.12119773 -76.33554646 -76.27010744
 -78.04547566 -77.02653243 -77.34868157]
[-71.58345417 -71.05253386 -71.26024739 -72.06268495 -71.8026198
 -72.18237447 -72.71929249 -71.32954666]
[-71.52775317 -71.67886616 -71.76960871 -72.25365958 -71.12986728
 -72.42095258 -72.35579856 -72.54590406]
[-70.29607617 -70.75156261 -71.88659861 -71.58126052 -71.5446991
 -70.98605242 -69.34489485 -69.24267342]
[-68.58462376 -68.83849201 -68.3091951  -69.24027199 -68.44939651
 -67.96388477 -67.82287769 -69.28270108]
[-66.05719466 -67.15851075 -66.9200863  -68.13863856 -66.48714409
 -67.05861215 -66.34032497 -67.45821189]
[-65.78915422 -67.10080713 -65.29406836 -64.54076559 -65.64813833
 -67.06748224 -66.43005366 -66.0270274 ]
[-65.99959983 -65.85515925 -67.00398137 -65.22108385 -67.46237771
 -66.74844537 -65.9575473  -65.71699397]
[-64.56564006 -64.14892735 -63.94143535 -63.72592689 -64.20897422
 -64.15714357 -64.8091084  -66.38138806]
[-65.53577068 -65.73104194 -65.17151028 -65.87716141 -67.25885624
 -65.99702579 -67.56389016 -65.8974396 ]
[-66.46853821 -67.03769171 -66.6586354  -66.8393634  -65.64583606
 -65.86413984 -66.61374455 -66.20765314]
[-66.79784322 -69.15812176 -68.01138157 -66.63164087 -66.37467235
 -66.7817592  -68.0192868  -68.35730448]
[-67.34165747 -66.35620132 -66.81899006 -65.79616233 -65.76048656
 -67.28449223 -66.67755388 -66.20843895]
[-72.46171876 -73.30072145 -71.27910772 -70.59996345 -72.46306197
 -72.28608549 -72.86904758 -73.69815355]
[-72.0769881  -72.95575124 -72.40351989 -74.0280435  -73.94156459
 -73.76178483 -74.36593167 -73.04661187]
[-68.19152322 -69.72026776 -71.79370844 -72.04164694 -70.61448033
 -71.18781212 -69.77058224 -70.8928557 ]
[-71.36863054 -71.755902   -72.08579372 -71.7244572  -71.84241353
 -71.78137656 -73.64478853 -72.04495805]
[-69.54385154 -68.85389137 -70.75333103 -69.0581816  -69.99410056
 -68.75918323 -70.57739665 -69.18814598]
[-74.55664319 -76.07932531 -74.47844892 -74.5315326  -75.14972158
 -74.84757653 -72.79440558 -74.9251263 ]
[-75.90502986 -75.45795332 -76.49895149 -76.2566728  -77.27104118
 -75.49050304 -75.0907384  -75.6797427 ]
[-79.07258125 -79.27009898 -78.38101859 -80.41795347 -78.17764507
 -79.38920383 -78.42280248 -79.47205472]
[-87.48383966 -85.35348452 -87.22025367 -86.21267642 -87.37514881
 -86.56625411 -87.64329632 -86.65230287]
[-91.70974329 -91.02333484 -89.54012201 -89.39160741 -89.98171988
 -90.33194181 -89.51686382 -88.89951979]
[-93.2715504  -93.49016428 -92.912364   -93.48206145 -92.75932835
 -92.95753892 -91.87266519 -92.71925385]
[-92.67702078 -92.52396168 -92.6604991  -93.85344792 -95.2178471
 -92.63909392 -91.22781915 -91.90048514]
[-94.80697279 -95.01979092 -94.83762153 -94.56882606 -95.57843786
 -95.60774003 -93.74779255 -94.67167087]
[-96.43535853 -94.22692193 -95.141114   -94.55842216 -95.83939592
 -95.90333321 -95.20213639 -94.60518543]
[-90.35881141 -91.15124357 -90.49090877 -91.42585256 -92.21852196
 -91.92022377 -91.00922123 -91.50681297]
[-92.35058913 -94.71214188 -93.05527985 -94.28938106 -94.96331933
 -93.07867672 -92.24644331 -93.03471807]
[-92.01224992 -92.51891645 -90.85620368 -92.81139726 -91.85109945
 -91.19975798 -92.08129399 -91.09812716]
[-91.31171006 -91.19819246 -92.40331979 -92.53486219 -91.8783703
 -92.67764908 -92.50923687 -91.99964379]
[-93.69989321 -94.71472873 -92.82474878 -93.47256005 -94.01652686
 -94.10246881 -92.74559137 -94.0511772 ]
[-82.91673067 -84.04428304 -83.32936205 -82.741187   -82.63773029
 -83.27180716 -83.54844784 -83.66107771]
[-79.14069592 -80.6538689  -79.99730678 -80.36740781 -78.97619975
 -81.1676556  -79.79902314 -80.37245272]
[-77.4047536  -75.66793335 -77.77813707 -75.5967337  -77.29520053
 -75.79812637 -77.08290886 -76.93292234]
[-73.07305291 -72.43894536 -73.10348762 -72.43541161 -73.11602196
 -73.64739809 -71.89449884 -73.32781084]
[-70.66080351 -72.37577223 -70.3121737  -72.17769224 -71.32305173
 -71.39558719 -71.48368689 -71.21100078]
[-69.25210389 -70.4761263  -70.82720018 -68.06733093 -69.36077127
 -69.80556924 -69.75964066 -69.63243599]
[-67.48391314 -66.94817173 -68.27601894 -67.35858904 -67.69691225
 -67.70150413 -67.7862767  -66.63069508]
[-67.28439529 -65.32829205 -65.99911302 -66.96575085 -68.13438032
 -67.27449925 -66.84818321 -65.20826697]
[-66.15713996 -65.62329799 -67.46335203 -65.81550152 -65.75067258
 -65.33869068 -65.91350677 -67.20436993]
[-64.85743091 -63.19749864 -63.36477502 -62.36760703 -63.3328669
 -64.42722471 -63.63225642 -63.66003076]
[-62.4270369  -62.11138373 -63.62236711 -64.44980975 -63.25261113
 -62.43919532 -63.18949668 -63.52963623]
[-63.45153116 -64.36835322 -63.77544752 -64.17134561 -64.39194468
 -64.22490669 -65.30150082 -64.51885452]
[-64.09299649 -63.84876122 -64.05884911 -63.23856822 -63.53265081
 -64.35193168 -63.50065638 -65.02892309]
