3.8422965552792863e-05
0.002198897637008189
0.003437835360055475
0.000688827535463369
0.001770081278672842
0.0027761320908256497
0.0018442752960939062
0.0031469836887565057
0.00420193545147021
0.0020027664083507087
0.0037623647341471136
0.0008875895160110484
0.002191010906819377
0.00031231752355054786
0.0013440570574498286
0.002013117319145603
0.00136288715636829
0.00037601375131407835
0.0019721163671275587
0.001039552283922824
8.232258091501023e-05
0.006289960696273704
0.0023244069032452934
0.0023244069032452934
0.004860664609857227
0.008763317668375998
0.0025043106029969467
0.0005108432055352615
0.0009584579438465302
0.0029863612796591755
0.0012306207056165704
0.002612506141408792
0.00185240776703161
0.002987138561057127
0.0028799806345972054
0.001562728451259805
0.002671627447876017
0.00045180267029373833
0.0012528902258482685
0.0011062037207906301
0.0023002926756279605
0.0015125822202288965
0.0022049606730265648
0.001939776316956248
0.000332083516494002
0.000332083516494002
0.0008247858895574806
0.0008533887332635283
0.0008533887332635283
0.0008533887332635283
0.0008533887332635283
0.0008533887332635283
0.0008533887332635283
0.0008533887332635283
0.0008533887332635283
0.0008533887332635283
0.0008533887332635283
0.0008533887332635283
0.0008533887332635283
0.0008533887332635283
0.0008533887332635283
0.0008533887332635283
0.0008533887332635283
0.0008533887332635283
0.0008533887332635283
0.0008533887332635283
0.0008533887332635283
0.0008533887332635283
0.0008533887332635283
0.0008533887332635283
0.0008533887332635283
0.0008533887332635283
0.0008533887332635283
0.0008533887332635283
0.0008533887332635283
0.0008533887332635283
0.0008533887332635283
0.0008533887332635283
0.0008533887332635283
0.0008533887332635283
0.0008533887332635283
0.0008533887332635283
0.0008533887332635283
0.0008533887332635283
0.0008533887332635283
0.0008533887332635283
0.0008533887332635283
0.0008533887332635283
0.0008533887332635283
0.0008533887332635283
0.0008533887332635283
0.0008533887332635283
0.0008533887332635283
0.0008533887332635283
0.0008533887332635283
0.0008533887332635283
0.003425362602009823
0.000927839134940836
0.001323840161424711
0.0019737276288585596
0.001476159576061937
0.0019167608671993306
0.002836468609433946
0.002330981971971707
0.0014038577936872673
0.0011258358416534387
0.0006835448241493932
0.0012205603688899861
0.0022802711214049403
0.0010640559774161616
0.00225873428485069
0.0036502620898070646
0.0025011518342412664
0.0008582487020490335
0.001396793273094853
0.00026692871489860303
0.0030880383589804994
0.0011777397756316422
0.00045432368574728575
8.183183790072546e-05
0.0004937209888532705
0.0009273104742096435
0.0030053712693899727
0.005279453944899872
0.006551484590636213
0.0038278443448994948
0.002039245044701238
0.0020542687915425717
0.0012410871576768803
0.002012949016502275
0.003422016669835934
0.00046218695714262195
0.0025853171603213523
0.00883301968269845
0.012601328106620525
0.00893711429100293
0.0030043794650537487
0.0017792366821256294
0.002019363106718022
0.0012550850843401073
0.0016485579975809832
0.0022642418674518874
0.0017707183454218779
0.0025535589614842404
0.0005637202942703236
0.0005637202942703236
0.0005637202942703236
0.0005637202942703236
0.0005637202942703236
0.0005637202942703236
0.0005637202942703236
0.0005637202942703236
0.0005637202942703236
0.0005637202942703236
0.0005637202942703236
0.0005637202942703236
0.0005637202942703236
0.0005637202942703236
0.0005637202942703236
0.0005637202942703236
0.0005637202942703236
0.0005637202942703236
0.0005637202942703236
0.0005637202942703236
0.0005637202942703236
0.0005637202942703236
0.0005637202942703236
0.0005637202942703236
0.0005637202942703236
0.0005637202942703236
0.0005637202942703236
0.0005637202942703236
0.0005637202942703236
0.0005637202942703236
0.0005637202942703236
0.0005637202942703236
0.0005637202942703236
0.0005637202942703236
0.0005637202942703236
0.0005637202942703236
0.0005637202942703236
0.0005637202942703236
0.0005637202942703236
0.0005637202942703236
0.0005637202942703236
0.0005637202942703236
0.0005637202942703236
0.0005637202942703236
0.0005637202942703236
0.0005637202942703236
0.0005637202942703236
0.0005637202942703236
0.0011590615630836176
0.0006687468820145105
0.0017875564217001722
0.00037762546987403153
0.0028826058237497094
0.0008584238935083275
0.0005264528007127901
0.0014704378707416515
0.0014809794982911643
0.004399251957337262
0.0008819420224131035
0.002705427973423905
0.0022218158306938885
0.0030087310136274695
0.0016733955745913626
0.001703814516377781
0.0011248523245596543
0.003940501775091666
0.0007041047668612703
0.00198230427966237
0.005479415350852925
0.0017349117426720094
0.0003851992478119655
0.0012807421323009732
0.0026065631194107917
0.0016442911346412539
3.346134850354876e-05
0.001352631498661518
0.0037882324188901343
0.004715208663606394
0.004556735878943024
5.4911375306188406e-05
0.0016235333388181336
0.000586182948711694
0.0006912659684489841
0.003989290122941673
0.007772526809820087
0.001967749418730437
0.00020214762061550188
0.0004215124684798701
0.0014002176941987163
0.0008153186111748009
0.0028626308961406566
0.0025558795534418345
0.0007794011813691268
0.0012072144292769233
8.436071790164949e-05
0.0007576975960895335
0.0007576975960895335
0.0007576975960895335
0.0007576975960895335
0.0007576975960895335
0.0007576975960895335
0.0007576975960895335
0.0007576975960895335
0.0007576975960895335
0.0007576975960895335
0.0007576975960895335
0.0007576975960895335
0.0007576975960895335
0.0007576975960895335
0.0007576975960895335
0.0007576975960895335
0.0007576975960895335
0.0007576975960895335
0.0007576975960895335
0.0007576975960895335
0.0007576975960895335
0.0007576975960895335
0.0007576975960895335
0.0007576975960895335
0.0007576975960895335
0.0007576975960895335
0.0007576975960895335
0.0007576975960895335
0.0007576975960895335
0.0007576975960895335
0.0007576975960895335
0.0007576975960895335
0.0007576975960895335
0.0007576975960895335
0.0007576975960895335
0.0007576975960895335
0.0007576975960895335
0.0007576975960895335
0.0007576975960895335
0.0007576975960895335
0.0007576975960895335
0.0007576975960895335
0.0007576975960895335
0.0007576975960895335
0.0007576975960895335
0.0007576975960895335
0.0007576975960895335
0.0007576975960895335
0.0007576975960895335
0.002652223817447422
0.0011302133945265986
0.0024793306448852603
0.0012555106059811386
0.0009893463571048438
0.0022113222288698314
0.0023131641105531755
0.002687941090620564
0.0005734780175083625
0.00014369828022119373
0.0015861846012973592
0.0019019571940420304
0.0008784518451732362
0.0008409680919273729
8.277125417447415e-05
0.001853998316549113
0.0007920174970346182
0.0003545327952059322
0.0014488768321244672
0.0017497310623779928
0.0034051923126642326
0.0017426569320123115
0.0024570797773700312
0.0020147576974233173
0.002771452234282006
0.005873018699730118
0.000617884567118759
0.001103761715263957
0.009811276547207239
0.003552435419767734
0.0017607931481109576
0.0046165855916904955
0.0026592793624359706
0.0023849043286099055
0.004502246083360569
0.0047569088528534
0.0009144399558115076
0.00033385939486801214
0.0036236254508070515
0.0004517606436342785
0.0018689626865463925
0.0001328615974248125
0.000987050586372846
0.00012153220701665462
0.001240120890343097
0.0006176275867729741
0.001188034226733096
0.0021594333931412198
0.0002874471949021913
0.0002874471949021913
0.0002874471949021913
0.0002874471949021913
0.0002874471949021913
0.0002874471949021913
0.0002874471949021913
0.0002874471949021913
0.0002874471949021913
0.0002874471949021913
0.0002874471949021913
0.0002874471949021913
0.0002874471949021913
0.0002874471949021913
0.0002874471949021913
0.0002874471949021913
0.0002874471949021913
0.0002874471949021913
0.0002874471949021913
0.0002874471949021913
0.0002874471949021913
0.0002874471949021913
0.0002874471949021913
0.0002874471949021913
0.0002874471949021913
0.0002874471949021913
0.0002874471949021913
0.0002874471949021913
0.0002874471949021913
0.0002874471949021913
0.0002874471949021913
0.0002874471949021913
0.0002874471949021913
0.0002874471949021913
0.0002874471949021913
0.0002874471949021913
0.0002874471949021913
0.0002874471949021913
0.0002874471949021913
0.0002874471949021913
0.0002874471949021913
0.0002874471949021913
0.0002874471949021913
0.0002874471949021913
0.0002874471949021913
0.0002874471949021913
0.0002874471949021913
0.0002874471949021913
0.0010745894171427092
0.0012520843115770282
0.0003679240490569893
0.001791483753487279
0.0024379122266203626
0.0014758956259937712
0.001057384635865344
0.00026870240628569953
0.001792137962185792
0.0012878395627300616
0.00405342096711561
0.003128310247360019
0.0020560811546611697
0.0025894526634098027
0.0015176877808699956
0.0011959913202484918
0.0019455790989643213
0.0009814214082045731
0.0012947562141300724
0.0021975232716424887
0.001292795486260069
0.0034427778118989935
0.002466980958534099
0.005345120753060373
0.0012025692692508496
0.0026519132056794753
0.0010087696454261176
0.0012979817952876744
0.003134302810790208
0.0013840122800081625
0.0002296601922238857
0.004700222583959231
0.004533217709312892
0.0017316119114810075
0.001362794102952017
0.004594937003357126
0.0033740097044668346
0.0015143169350601891
0.0016182726501184387
0.0027394331851746806
0.0018132039264575107
2.4354170161857563e-05
0.001478400017203019
0.0007402528929723144
0.0011565591224281437
0.0009865214236988934
0.0016582620155688697
0.001542225550055442
2.005074651533151e-05
2.005074651533151e-05
2.005074651533151e-05
2.005074651533151e-05
2.005074651533151e-05
2.005074651533151e-05
2.005074651533151e-05
2.005074651533151e-05
2.005074651533151e-05
2.005074651533151e-05
2.005074651533151e-05
2.005074651533151e-05
2.005074651533151e-05
2.005074651533151e-05
2.005074651533151e-05
2.005074651533151e-05
2.005074651533151e-05
2.005074651533151e-05
2.005074651533151e-05
2.005074651533151e-05
2.005074651533151e-05
2.005074651533151e-05
2.005074651533151e-05
2.005074651533151e-05
2.005074651533151e-05
2.005074651533151e-05
2.005074651533151e-05
2.005074651533151e-05
2.005074651533151e-05
2.005074651533151e-05
2.005074651533151e-05
2.005074651533151e-05
2.005074651533151e-05
2.005074651533151e-05
2.005074651533151e-05
2.005074651533151e-05
2.005074651533151e-05
2.005074651533151e-05
2.005074651533151e-05
2.005074651533151e-05
2.005074651533151e-05
2.005074651533151e-05
2.005074651533151e-05
2.005074651533151e-05
2.005074651533151e-05
2.005074651533151e-05
2.005074651533151e-05
2.005074651533151e-05
0.0004784592548768617
0.0008679179938181872
0.0014043618765484521
0.002777090847253098
0.0009043344725731912
0.0013012569776436928
0.002239210495148515
0.0011961068532486555
0.002002861140587815
0.001062243671110354
0.00011821632920447616
0.0007784096515658503
0.0011095236346510687
0.002699483289467577
0.002073041505459813
0.0006465870498703645
0.002428791960393319
0.0014548164291417953
0.00016090180372062887
0.0010844921393475026
0.0029892993180224534
0.003160618402683453
0.00405716561875709
0.00022355217502277504
0.0012382264772234537
0.0003957798798226854
0.0010432826309308403
0.0017810705098154753
0.003435563548440294
0.006317622132204762
0.003998580171412355
0.0029467062544246666
0.0047898656438452245
0.0036754247891516746
0.0011360690365410072
0.003084719916562704
0.0009463180348842836
0.0007319242284154176
0.003273723236095156
0.001813708735453601
0.0002735724435623439
0.0012158055555407789
0.000527125020174094
0.0021476737568893647
0.003074300621786022
0.0014694420639945035
0.0015215113617292337
0.0026390307465985786
0.0026390307465985786
0.0015829164185047519
9.910931107107515e-05
9.910931107107515e-05
9.910931107107515e-05
9.910931107107515e-05
9.910931107107515e-05
9.910931107107515e-05
9.910931107107515e-05
9.910931107107515e-05
9.910931107107515e-05
9.910931107107515e-05
9.910931107107515e-05
9.910931107107515e-05
9.910931107107515e-05
9.910931107107515e-05
9.910931107107515e-05
9.910931107107515e-05
9.910931107107515e-05
9.910931107107515e-05
9.910931107107515e-05
9.910931107107515e-05
9.910931107107515e-05
9.910931107107515e-05
9.910931107107515e-05
9.910931107107515e-05
9.910931107107515e-05
9.910931107107515e-05
9.910931107107515e-05
9.910931107107515e-05
9.910931107107515e-05
9.910931107107515e-05
9.910931107107515e-05
9.910931107107515e-05
9.910931107107515e-05
9.910931107107515e-05
9.910931107107515e-05
9.910931107107515e-05
9.910931107107515e-05
9.910931107107515e-05
9.910931107107515e-05
9.910931107107515e-05
9.910931107107515e-05
9.910931107107515e-05
9.910931107107515e-05
9.910931107107515e-05
9.910931107107515e-05
9.910931107107515e-05
0.0022420869527785816
0.00015766616023793261
0.0006355019915958585
0.0024186217362567744
0.0017846924429806583
0.003631576708413003
0.0015971749392521828
0.0030437619076567907
0.0002339832113740477
0.0024266015575563618
0.0019390618016732258
0.0015002533767178223
0.0006561156165163415
0.0030280232992003823
0.0024180537349034817
0.002907943263403069
0.0016696696088150523
0.0021893554907123237
0.005364023684407412
0.003026001561405553
0.003973672414365748
0.0027053983205533602
0.0029697615081183846
0.001400582223718359
0.001873867721364433
0.003505004382323199
0.0024799774746934555
0.00117864280519919
0.002169608934718387
0.0007480126061398481
0.00554251715114086
0.0031118456485476585
0.0008742945708549426
0.006094440521543255
0.002953510977141473
0.0012827161828055118
0.0016877485336739262
0.00375308956405394
0.0035134647937879503
0.004085210338477186
0.003202601404402758
0.0012723205948437168
0.0020943250905640096
0.0023299762643617552
0.003537032569245116
0.0005532720913841724
0.001962334655455325
0.0012157470186524447
0.0012157470186524447
0.0012157470186524447
0.0012157470186524447
0.0012157470186524447
0.0012157470186524447
0.00013843613800633512
0.00013843613800633512
0.00013843613800633512
0.00013843613800633512
0.00013843613800633512
0.00013843613800633512
0.00013843613800633512
0.00013843613800633512
0.00013843613800633512
0.00013843613800633512
0.00013843613800633512
0.00013843613800633512
0.00013843613800633512
0.00013843613800633512
0.00013843613800633512
0.00013843613800633512
0.00013843613800633512
0.00013843613800633512
0.00013843613800633512
0.00013843613800633512
0.00013843613800633512
0.00013843613800633512
0.00013843613800633512
0.00013843613800633512
0.00013843613800633512
0.00013843613800633512
0.00013843613800633512
0.00013843613800633512
0.00013843613800633512
0.00013843613800633512
0.00013843613800633512
0.00013843613800633512
0.00013843613800633512
0.00013843613800633512
0.00013843613800633512
0.00013843613800633512
0.00013843613800633512
0.00013843613800633512
0.00013843613800633512
0.00013843613800633512
0.00013843613800633512
0.00013843613800633512
0.00013843613800633512
0.0008819230459968155
0.0021168930241756306
0.0005850125500323753
0.0010154570990292074
0.0026402272130986327
0.00016494869422389088
0.0016014418689934817
0.003326515342896849
0.00010485281151156184
0.0009704579873302912
0.0035210282426170227
0.0003663737211219188
0.003752333044213231
0.00136869736175492
0.002278667527177968
0.0026046809090949485
0.001314079379107308
0.0023325976551239833
0.001683891042317879
0.0013497507480934035
0.001976538751421392
0.002300177996157557
0.0054063532795888165
0.0013294164155817998
0.0020639493147626767
0.002849758478735298
0.0016929320833151407
0.002791181587956726
0.003931435744079315
0.0008711391547791547
0.0028837261951394576
0.0021906457271412398
0.004099518890639563
0.003094044685052552
0.002061481644421356
0.0023507612482829548
0.005544086250795646
0.00740010946221264
0.003101528721234971
0.005409798678024491
0.0006154845072046328
0.0012815857529025836
0.0005662101323617281
0.0012878027379371487
0.0006123773525700404
0.0008729459526214276
0.003084283977272296
0.0007930063192045042
0.0007930063192045042
0.0007930063192045042
0.0007930063192045042
0.0007930063192045042
0.0007930063192045042
0.0007930063192045042
0.0007930063192045042
0.0007930063192045042
0.0007930063192045042
0.0007930063192045042
0.0007930063192045042
0.0007930063192045042
0.0007930063192045042
0.0007930063192045042
0.0007930063192045042
0.0007930063192045042
0.0007930063192045042
0.0007930063192045042
0.0007930063192045042
0.0007930063192045042
0.0007930063192045042
0.0007930063192045042
0.0007930063192045042
0.0007930063192045042
0.0007930063192045042
0.0007930063192045042
0.0007930063192045042
0.0007930063192045042
0.0007930063192045042
0.0007930063192045042
0.0007930063192045042
0.0007930063192045042
0.0007930063192045042
0.0007930063192045042
0.0007930063192045042
0.0007930063192045042
0.0007930063192045042
0.0007930063192045042
0.0007930063192045042
0.0007930063192045042
0.0007930063192045042
0.0007930063192045042
0.0007930063192045042
0.0007930063192045042
0.0007930063192045042
0.0007930063192045042
0.0007930063192045042
0.0007930063192045042
0.0017145883311714856
0.0034776216743182655
0.0012124836958036511
0.002885358575344098
0.0021891843226618606
0.0025384195769752515
0.0028248925940720596
0.004549221914808285
0.0004619866542770331
0.0018808480648314732
0.001709447329509689
0.0004982424775323755
0.0026205350632817195
0.0014820856687216251
0.0033902149924241887
0.002049622445025009
0.001941751302022498
0.005595139304859048
0.0026724972424046417
0.0008680879111530411
0.005118059688293561
0.001252607551148788
0.0003927379834919543
0.001463754729640122
0.0020859712453368743
0.0022176958951475975
0.0025635175534096063
0.002687223670956128
0.0038417602326157093
0.003674222908289327
0.00436267509239947
0.0006786973495795014
0.0015630618040294497
8.881139186692633e-05
0.0010348920411560108
0.002829374832045604
0.0016408415653407274
0.0017817595707269535
0.0010381794304682077
0.00032317310868157974
0.000771470169504881
0.0009006891595279096
1.4181957926155328e-05
0.0005263008786019949
0.0024652223423700234
0.0030850431016286777
0.0007335702635994383
0.0016320189699384371
0.0016320189699384371
0.0016320189699384371
0.0006868473376001219
0.0006868473376001219
0.0006868473376001219
0.0006868473376001219
0.0006868473376001219
0.0006868473376001219
0.0006868473376001219
0.0006868473376001219
0.0006868473376001219
0.0006868473376001219
0.0006868473376001219
0.0006868473376001219
0.0006868473376001219
0.0006868473376001219
0.0006868473376001219
0.0006868473376001219
0.0006868473376001219
0.0006868473376001219
0.0006868473376001219
0.0006868473376001219
0.0006868473376001219
0.0006868473376001219
0.0006868473376001219
0.0006868473376001219
0.0006868473376001219
0.0006868473376001219
0.0006868473376001219
0.0006868473376001219
0.0006868473376001219
0.0006868473376001219
0.0006868473376001219
0.0006868473376001219
0.0006868473376001219
0.0006868473376001219
0.0006868473376001219
0.0006868473376001219
0.0006868473376001219
0.0006868473376001219
0.0006868473376001219
0.0006868473376001219
0.0006868473376001219
0.0006868473376001219
0.0006868473376001219
0.0006868473376001219
0.0006868473376001219
0.0006868473376001219
0.0027257128397544304
0.00022017518774646375
0.0013251872696454598
0.0005196641558806703
0.0018020365542923147
0.002303394623950353
0.002944815987205785
0.0012476729510451359
8.412539565008734e-05
0.0014499117543999383
0.0005837476566678502
0.001611886413525174
0.0028018906998068653
0.0030482967958413722
0.00012514837316541377
0.0006340502746369195
0.001315570896524303
0.00010900872267481654
0.0014189494636293503
0.0006266592364532258
0.0019982922232570344
0.007554419480650501
0.003747583876595803
0.001307019578678085
0.002532109964744688
0.0037887523328596303
0.0031908297473252287
0.0021043134811453233
0.002167141130476017
0.00010732667207128841
0.0011854702985040501
0.002388001340139281
0.004496565245183691
0.003874286271525625
0.003523783988381923
0.004454590095252675
0.0010079877232255733
0.00018562598151630923
0.0011055848113561654
0.003920389568814511
0.00048176343184335325
0.0009133440081071887
0.0007863620419791969
0.0001369795179672964
0.0012800923793745518
0.00323197381351366
0.0015217464880563076
0.0006300298437573173
0.0006300298437573173
0.0006300298437573173
0.0006300298437573173
0.0006300298437573173
0.0006300298437573173
0.0006300298437573173
0.0006300298437573173
0.0006300298437573173
0.0006300298437573173
0.0006300298437573173
0.0006300298437573173
0.0006300298437573173
0.0006300298437573173
0.0006300298437573173
0.0006300298437573173
0.0006300298437573173
0.0006300298437573173
0.0006300298437573173
0.0006300298437573173
0.0006300298437573173
0.0006300298437573173
0.0006300298437573173
0.0006300298437573173
0.0006300298437573173
0.0006300298437573173
0.0006300298437573173
0.0006300298437573173
0.0006300298437573173
0.0006300298437573173
0.0006300298437573173
0.0006300298437573173
0.0006300298437573173
0.0006300298437573173
0.0006300298437573173
0.0006300298437573173
0.0006300298437573173
0.0006300298437573173
0.0006300298437573173
0.0006300298437573173
0.0006300298437573173
0.0006300298437573173
0.0006300298437573173
0.0006300298437573173
0.0006300298437573173
0.0006300298437573173
0.0006300298437573173
0.0006300298437573173
0.0006300298437573173
0.004527186144757059
0.0029984700269384545
0.00048566405052143796
0.0007173767454679414
7.512312970131638e-05
0.00039314684603771475
0.0010311250642061082
0.0017064730805164724
0.003035840925876152
0.00028122230865263603
0.002115663766150953
0.0019223757487977734
0.0004598979368871624
0.0004566625482642038
0.0011099716215280271
0.00011378859960263737
0.0006883693844974675
0.0026159198324254103
0.0026699372019992323
8.289877666954127e-05
0.0018667652726392242
0.002818539090746081
0.0029722715939587583
0.004421841532930158
0.0036182550657200404
0.0004051396779025532
0.0018472754510426301
0.0027685912923869817
0.00457212595695935
0.005908294485237128
0.0010723655839055025
0.002109671319904468
0.0026306578487722294
0.0037126500533108822
0.0057742089852208635
0.007401234462743376
0.006211097949622627
0.0002549789742960773
0.0012024393935758868
0.0012024393935758868
0.0007487243161294769
0.0007487243161294769
0.0015150716236105397
0.0012535393685689537
0.0002556414030977449
0.0018705436125359572
0.0034602869640948243
0.0034992800138831416
0.0020433834798574725
0.00045023444555106554
0.00045023444555106554
0.00045023444555106554
0.00045023444555106554
0.00045023444555106554
0.00045023444555106554
0.00045023444555106554
0.00045023444555106554
0.00045023444555106554
0.00045023444555106554
0.00045023444555106554
0.00045023444555106554
0.00045023444555106554
0.00045023444555106554
0.00045023444555106554
0.00045023444555106554
0.00045023444555106554
0.00045023444555106554
0.00045023444555106554
0.00045023444555106554
0.00045023444555106554
0.00045023444555106554
0.00045023444555106554
0.00045023444555106554
0.00045023444555106554
0.00045023444555106554
0.00045023444555106554
0.00045023444555106554
0.00045023444555106554
0.00045023444555106554
0.00045023444555106554
0.00045023444555106554
0.00045023444555106554
0.00045023444555106554
0.00045023444555106554
0.00045023444555106554
0.00045023444555106554
0.00045023444555106554
0.00045023444555106554
0.00045023444555106554
0.00045023444555106554
0.00045023444555106554
0.00045023444555106554
0.00045023444555106554
0.00045023444555106554
0.00045023444555106554
0.00045023444555106554
0.002579518613162268
0.001478052010803166
0.004728550211333435
0.0007506735803642101
0.0018102787281427672
0.0022664942449808706
0.0004824757058563621
0.0046991338351416514
0.0007608630799811801
7.429957204741476e-05
0.0023025827904601033
0.001403860514812449
0.0020474090105299736
0.0012133275238547236
0.0014892907207254029
0.0035324682222839547
0.001286319034624321
0.001792416364121742
0.003986813136295182
0.004293355274217125
0.005170963712040671
0.007385022301806697
0.004057545650770125
0.0006812840484103034
0.0031800832719155354
0.002697090731644933
0.0015375012659454013
0.004220368763109553
0.005006027158560184
0.0016122921706942968
0.0043661869475976
0.0036093417113399135
0.0036678810634503765
0.0010040369526069142
0.0006855230829953922
0.0006855230829953922
0.0006855230829953922
0.003165901304390269
0.0007409337455982542
0.0030784553434248943
0.001814579325672722
0.0013477973957866877
0.0021937301122654635
0.002533711687263594
0.0019669540177140264
0.0013643325682111
0.0008138930813779018
0.0008732084426503056
0.0008732084426503056
0.0008732084426503056
0.0008732084426503056
0.0008732084426503056
0.0008732084426503056
0.0008732084426503056
0.0008732084426503056
0.0008732084426503056
0.0008732084426503056
0.0008732084426503056
0.0008732084426503056
0.0008732084426503056
0.0008732084426503056
0.0008732084426503056
0.0008732084426503056
0.0008732084426503056
0.0008732084426503056
0.0008732084426503056
0.0008732084426503056
0.0008732084426503056
0.0008732084426503056
0.0008732084426503056
0.0008732084426503056
0.0008732084426503056
0.0008732084426503056
0.0008732084426503056
0.0008732084426503056
0.0008732084426503056
0.0008732084426503056
0.0008732084426503056
0.0008732084426503056
0.0008732084426503056
0.0008732084426503056
0.0008732084426503056
0.0008732084426503056
0.0008732084426503056
0.0008732084426503056
0.0008732084426503056
0.0008732084426503056
0.0008732084426503056
0.0008732084426503056
0.0008732084426503056
0.0008732084426503056
0.0008732084426503056
0.0008732084426503056
0.0008732084426503056
0.0008732084426503056
0.0008732084426503056
0.002518282165482601
0.0005947162901263265
0.001184504994839932
0.002260075844074811
0.0041127607045841
0.0006025710052406643
0.0014967672089726339
0.003856754961178661
0.0025973682744305096
0.0016442817641596566
0.0011485482519445708
0.001591141156879972
0.001122740167282231
0.0015011730524697481
0.00043220519227768765
0.0011175582343826908
0.002467716265983802
0.001224290447388636
0.0020252282399609396
3.3776150888756035e-05
0.0027049366371630747
0.001420961129113752
0.0008626247127609
0.004285345813029068
0.004800781614880342
0.0019669333188611308
0.0016218037179491153
0.0027720490984887935
0.0030943938186135745
0.003281638803217704
0.0024281197324043068
0.0031108515383216928
0.00025082511200987673
0.00010828030563263214
0.00010828030563263214
0.005488590577563098
0.003395972478037003
0.003335493743895248
0.0026850694806373034
0.005648899956207571
0.005412822722902022
0.0009461793214147893
0.0005715104024105826
0.0018957347524507428
0.0026380748389226725
0.00047078163300032965
0.000906461541832068
0.0014287952252819147
0.0014287952252819147
0.0014287952252819147
0.00028061651747365857
0.00028061651747365857
0.00028061651747365857
0.00028061651747365857
0.00028061651747365857
0.00028061651747365857
0.00028061651747365857
0.00028061651747365857
0.00028061651747365857
0.00028061651747365857
0.00028061651747365857
0.00028061651747365857
0.00028061651747365857
0.00028061651747365857
0.00028061651747365857
0.00028061651747365857
0.00028061651747365857
0.00028061651747365857
0.00028061651747365857
0.00028061651747365857
0.00028061651747365857
0.00028061651747365857
0.00028061651747365857
0.00028061651747365857
0.00028061651747365857
0.00028061651747365857
0.00028061651747365857
0.00028061651747365857
0.00028061651747365857
0.00028061651747365857
0.00028061651747365857
0.00028061651747365857
0.00028061651747365857
0.00028061651747365857
0.00028061651747365857
0.00028061651747365857
0.00028061651747365857
0.00028061651747365857
0.00028061651747365857
0.00028061651747365857
0.00028061651747365857
0.00028061651747365857
0.00028061651747365857
0.00028061651747365857
0.00028061651747365857
0.00028061651747365857
0.00028061651747365857
0.00028061651747365857
0.001425803465693834
0.0015422830271800165
0.0035303206005147633
0.0019371045972570063
0.00041229505555043493
0.0033031171636782176
0.002956015921754994
0.00222993586921723
0.0005075760934268704
0.0028422178344888224
0.0022026522540827516
0.0021671677822977945
0.0026983055230710047
0.0017398228898861446
0.001143021474467917
0.003312638211729383
0.0012399092105502291
0.0007543934186175778
0.0027731008929885873
0.0012243559560803268
0.004331174560439417
0.0015235207000291857
0.0012971272132552632
0.0010363627290896679
0.0008763852925865461
0.002691082192233565
0.002979844603667986
0.0013929177675369
0.0003159426237145219
0.002903754213486263
0.0018261571708047455
0.0035219290526265932
0.0033920478488252727
0.003723694713363842
0.004748886119151855
0.002791940618281502
0.003111040166380606
0.0009113379941256571
0.001525221963758093
0.0031741440802298525
0.004093872998230532
0.0003126108224397687
0.0015399796005451626
0.0024303076724676957
0.0018547646312016821
0.0014403021048331939
7.443140182144268e-05
7.443140182144268e-05
7.443140182144268e-05
7.443140182144268e-05
7.443140182144268e-05
7.443140182144268e-05
7.443140182144268e-05
7.443140182144268e-05
7.443140182144268e-05
7.443140182144268e-05
7.443140182144268e-05
7.443140182144268e-05
7.443140182144268e-05
7.443140182144268e-05
7.443140182144268e-05
7.443140182144268e-05
7.443140182144268e-05
7.443140182144268e-05
7.443140182144268e-05
7.443140182144268e-05
7.443140182144268e-05
7.443140182144268e-05
7.443140182144268e-05
7.443140182144268e-05
7.443140182144268e-05
7.443140182144268e-05
7.443140182144268e-05
7.443140182144268e-05
7.443140182144268e-05
7.443140182144268e-05
7.443140182144268e-05
7.443140182144268e-05
7.443140182144268e-05
7.443140182144268e-05
7.443140182144268e-05
7.443140182144268e-05
7.443140182144268e-05
7.443140182144268e-05
7.443140182144268e-05
7.443140182144268e-05
7.443140182144268e-05
7.443140182144268e-05
7.443140182144268e-05
7.443140182144268e-05
7.443140182144268e-05
7.443140182144268e-05
7.443140182144268e-05
7.443140182144268e-05
0.0012609704303215576
0.0019121883881978187
0.0019121883881978187
0.00033918505641853183
0.001282651693871583
0.00177272883594613
0.0007906686415547785
0.00026372930515612854
0.001634559897075288
0.0019359941502863558
0.0019500473811258886
0.0017236950536989582
0.00036014699821612216
0.0028870442174619747
0.0016706031443732652
0.002471899651630187
0.003515378866767977
0.0010413668464371512
0.002143791599378726
0.0007346227799224167
0.002424103641843616
0.001040911713108504
0.0030331781014758872
0.0020148652660074797
0.004502364598173424
0.001963419225056843
0.004739242481878561
0.0008099040639312684
0.0027583420380753155
0.00342467952130336
0.00340569010525749
0.004185857526507053
0.0029787680843879174
0.0023712062728481783
0.0007297037737544697
0.0019609672579705196
0.002261615394776593
0.003242427309440916
0.003946774200353583
0.003419009930165532
0.0002802454623698075
0.0007642153334338191
0.001799226965363864
0.0003863815158417264
0.0015246399821990156
0.001849320700924435
0.001555013178839425
0.0005017409051758476
0.0005017409051758476
0.0005017409051758476
0.0005017409051758476
0.0005017409051758476
0.0005017409051758476
0.0005017409051758476
0.0005017409051758476
0.0005017409051758476
0.0005017409051758476
0.0005017409051758476
0.0005017409051758476
0.0005017409051758476
0.0005017409051758476
0.0005017409051758476
0.0005017409051758476
0.0005017409051758476
0.0005017409051758476
0.0005017409051758476
0.0005017409051758476
0.0005017409051758476
0.0005017409051758476
0.0005017409051758476
0.0005017409051758476
0.0005017409051758476
0.0005017409051758476
0.0005017409051758476
0.0005017409051758476
0.0005017409051758476
0.0005017409051758476
0.0005017409051758476
0.0005017409051758476
0.0005017409051758476
0.0005017409051758476
0.0005017409051758476
0.0005017409051758476
0.0005017409051758476
0.0005017409051758476
0.0005017409051758476
0.0005017409051758476
0.0005017409051758476
0.0005017409051758476
0.0005017409051758476
0.0005017409051758476
0.0005017409051758476
0.0005017409051758476
0.0005017409051758476
0.0005017409051758476
0.0005017409051758476
0.004510424459714097
0.0023479492485399926
0.0008716915547856076
0.0054205886139169985
0.0037243276019006096
0.0026205698457383094
0.00010635400429495623
0.00019812910926657323
0.003079847159472981
0.003376588778697162
0.0007752025749777386
0.0023420842709591344
0.0016318629933772658
0.0012759166407757426
0.0038868434416462387
0.00276209233062678
0.0019697197181698083
0.002838248786032782
0.0006866346281483994
0.0006290979793789194
0.0006290979793789194
0.003999262494828834
0.0009067137339436266
0.002889769963637117
0.0035314428931881407
0.000746627732634667
0.0011546267759932798
0.003060438388046376
0.0013846910833347024
0.0013846910833347024
0.0013846910833347024
0.002719652204003347
0.0003623462377392913
0.0023035081366963965
0.0019001143418228604
0.0037863206477656277
0.004753037611896056
0.000988905785165581
5.694519545531261e-05
0.0005499638440282922
0.002568671204648548
0.001969032518811588
0.0032571134171034775
0.0012400764512210533
0.0020125935489621848
0.0007778928561875635
0.0004866325017948151
0.001087637714245509
0.001087637714245509
0.001087637714245509
0.001087637714245509
0.001087637714245509
0.001087637714245509
0.001087637714245509
0.00012459365245435713
0.00012459365245435713
0.00012459365245435713
0.00012459365245435713
0.00012459365245435713
0.00012459365245435713
0.00012459365245435713
0.00012459365245435713
0.00012459365245435713
0.00012459365245435713
0.00012459365245435713
0.00012459365245435713
0.00012459365245435713
0.00012459365245435713
0.00012459365245435713
0.00012459365245435713
0.00012459365245435713
0.00012459365245435713
0.00012459365245435713
0.00012459365245435713
0.00012459365245435713
0.00012459365245435713
0.00012459365245435713
0.00012459365245435713
0.00012459365245435713
0.00012459365245435713
0.00012459365245435713
0.00012459365245435713
0.00012459365245435713
0.00012459365245435713
0.00012459365245435713
0.00012459365245435713
0.00012459365245435713
0.00012459365245435713
0.00012459365245435713
0.00012459365245435713
0.00012459365245435713
0.00012459365245435713
0.00012459365245435713
0.00012459365245435713
0.00012459365245435713
0.00012459365245435713
0.0016594972599876467
0.002089111971429888
0.0004947143294307121
0.0021226694488497865
4.900705054780791e-05
0.0008402381952789654
0.001998062053924406
0.0001128335278407647
0.0024071696401542714
0.0016160092265657246
0.00423844202856441
0.0015466964900736643
8.308904065380991e-06
8.308904065380991e-06
0.0033935559168557393
0.0013415789586618
0.0013415789586618
0.001911038312152819
0.0015818461538379667
0.0011242707970408122
0.0019547586674871255
0.005760140717783222
0.005163741259001667
0.004284233736462794
0.0005564698907118849
0.0008621986935181492
0.002432105480060682
0.004346920961830195
0.0022434620441147204
0.0058643499884436755
0.009876086771797193
0.00221727453435793
0.0016711791376907122
7.527999713284259e-05
0.0006068298844939552
0.00259315170974505
0.004543984963158967
0.00031020219580742744
0.0012077431142754076
0.0017378427660698593
0.00017103287873869964
0.00017103287873869964
0.0010598008104593523
0.0007530331625465586
0.002328757879151373
0.001286987549489903
0.001769167756859342
0.0027896731266711895
0.0027896731266711895
0.0012665051840205733
0.00012161509263860625
0.00012161509263860625
0.00012161509263860625
0.00012161509263860625
0.00012161509263860625
0.00012161509263860625
0.00012161509263860625
0.00012161509263860625
0.00012161509263860625
0.00012161509263860625
0.00012161509263860625
0.00012161509263860625
0.00012161509263860625
0.00012161509263860625
0.00012161509263860625
0.00012161509263860625
0.00012161509263860625
0.00012161509263860625
0.00012161509263860625
0.00012161509263860625
0.00012161509263860625
0.00012161509263860625
0.00012161509263860625
0.00012161509263860625
0.00012161509263860625
0.00012161509263860625
0.00012161509263860625
0.00012161509263860625
0.00012161509263860625
0.00012161509263860625
0.00012161509263860625
0.00012161509263860625
0.00012161509263860625
0.00012161509263860625
0.00012161509263860625
0.00012161509263860625
0.00012161509263860625
0.00012161509263860625
0.00012161509263860625
0.00012161509263860625
0.00012161509263860625
0.00012161509263860625
0.00012161509263860625
0.00012161509263860625
0.00012161509263860625
0.00012161509263860625
0.0005786392925876515
0.003198663490481486
0.006652177722361167
0.0002868028454403324
0.002270839968876317
0.0038161303125390025
0.0011093928010059368
0.0007701223574451451
0.0040976481018089525
0.0006873866994193813
0.00011028277506208608
0.0008716307106590528
0.0003369333297618144
0.0003369333297618144
0.001799502121092729
0.0006818267490204142
0.0007740134118483749
0.0036307590032428824
0.002197071678079111
0.0012553981603782368
0.0019090594344176315
0.0025398374344173156
0.0009336573839919104
0.0012326844835196561
0.0021443926734753573
0.0006769348916259921
0.0003475297356600529
0.0008220069234817461
0.003395910776596786
0.0014994724788779477
0.002927539680419292
0.0019184947659291922
0.0006566575675301849
0.000940570771984354
8.755045411274268e-05
0.002012688303624051
0.002828337564360264
0.004429317452764091
0.0024186315181823166
0.0037719106307986024
0.0020885076457799433
0.0014442772974211197
0.00011997379826522757
0.0010540584297442528
0.003208827853254702
0.0025902127347825674
0.0023087387144268886
0.0029708959446910696
0.000615928536808856
0.000615928536808856
0.000615928536808856
0.000615928536808856
0.000615928536808856
0.000615928536808856
0.000615928536808856
0.000615928536808856
0.000615928536808856
0.000615928536808856
0.000615928536808856
0.000615928536808856
0.000615928536808856
0.000615928536808856
0.000615928536808856
0.000615928536808856
0.000615928536808856
0.000615928536808856
0.000615928536808856
0.000615928536808856
0.000615928536808856
0.000615928536808856
0.000615928536808856
0.000615928536808856
0.000615928536808856
0.000615928536808856
0.000615928536808856
0.000615928536808856
0.000615928536808856
0.000615928536808856
0.000615928536808856
0.000615928536808856
0.000615928536808856
0.000615928536808856
0.000615928536808856
0.000615928536808856
0.000615928536808856
0.000615928536808856
0.000615928536808856
0.000615928536808856
0.000615928536808856
0.000615928536808856
0.000615928536808856
0.000615928536808856
0.000615928536808856
0.000615928536808856
0.000615928536808856
0.000615928536808856
0.0012878406518286945
0.0028347627311662658
0.003834902687781645
0.0010493803538161837
0.0006801582414103008
0.001733285983634804
0.0028755369671153654
0.0018915441108197802
0.0028514368943525215
0.003157712476047935
0.00100471246162054
0.0016646107576760993
0.0023670849396975166
0.00034142088081728743
0.0008496077895353219
0.002357515917281231
0.002786575434013533
0.002847045259935052
0.002727557757915532
0.0005891988009092568
0.004708263977825408
0.00798261743208351
0.011306631669047166
0.014601569610105858
0.011649337221748615
0.010453409546297004
0.0020859025200768815
0.003019503352260726
0.004270303051698845
0.0038472144426244864
0.00033323309194166137
0.005058781044985597
0.005845712813225186
0.0029242708084117252
0.000967391960642246
0.0010440363179626292
0.0017192363827968561
0.001076156000329381
0.003385368996190457
0.0011029675311991045
0.0014111564825631665
0.0016069579550110104
0.0008528050089947018
0.0003199377405513756
0.0006260265492187126
0.00026898967972401933
0.002246543081070469
0.0015856276115190967
0.00018433940948664983
0.00018433940948664983
0.00018433940948664983
0.00018433940948664983
0.00018433940948664983
0.00018433940948664983
0.00018433940948664983
0.00018433940948664983
0.00018433940948664983
0.00018433940948664983
0.00018433940948664983
0.00018433940948664983
0.00018433940948664983
0.00018433940948664983
0.00018433940948664983
0.00018433940948664983
0.00018433940948664983
0.00018433940948664983
0.00018433940948664983
0.00018433940948664983
0.00018433940948664983
0.00018433940948664983
0.00018433940948664983
0.00018433940948664983
0.00018433940948664983
0.00018433940948664983
0.00018433940948664983
0.00018433940948664983
0.00018433940948664983
0.00018433940948664983
0.00018433940948664983
0.00018433940948664983
0.00018433940948664983
0.00018433940948664983
0.00018433940948664983
0.00018433940948664983
0.00018433940948664983
0.00018433940948664983
0.00018433940948664983
0.00018433940948664983
0.00018433940948664983
0.00018433940948664983
0.00018433940948664983
0.00018433940948664983
0.00018433940948664983
0.00018433940948664983
0.00018433940948664983
0.00018433940948664983
0.0026752009283277775
0.0026752009283277775
0.001616365080793538
0.0035661550904303183
0.0021772337016419735
0.0007134975270138349
0.0012382224532550825
0.001649143112832126
0.00369883375459212
0.00171316192337865
0.00061150015883513
0.004064591987912473
0.0006735783537927897
0.001925833528750854
0.0015096466648502668
0.0009379265541379852
0.0011778086232800218
0.0028716170783555364
0.003536872889508054
0.004344625154194625
0.002052108315833866
7.266716667360005e-05
0.004549574027485079
0.005498510048657874
0.005706940130389863
0.00866433995468179
0.009989791679441968
0.0014917814538479238
0.005720962865154926
0.005720962865154926
0.0013618209416677391
0.002002211064542945
0.0022443075216367074
0.0018259360242513893
0.001414448270357799
0.001396828928161966
0.004073107879017707
0.0012918082504710837
0.002666623971904378
0.0010943782399545719
0.0015692529355888192
0.002295416459259158
0.002648506947777773
0.0007590893492229983
0.00031038150465556363
0.0002135121647100556
0.0012070517789175847
0.0015677952221227458
0.0015677952221227458
0.0005492624374670557
0.0005492624374670557
0.0005492624374670557
0.0005492624374670557
0.0005492624374670557
0.0005492624374670557
0.0005492624374670557
0.0005492624374670557
0.0005492624374670557
0.0005492624374670557
0.0005492624374670557
0.0005492624374670557
0.0005492624374670557
0.0005492624374670557
0.0005492624374670557
0.0005492624374670557
0.0005492624374670557
0.0005492624374670557
0.0005492624374670557
0.0005492624374670557
0.0005492624374670557
0.0005492624374670557
0.0005492624374670557
0.0005492624374670557
0.0005492624374670557
0.0005492624374670557
0.0005492624374670557
0.0005492624374670557
0.0005492624374670557
0.0005492624374670557
0.0005492624374670557
0.0005492624374670557
0.0005492624374670557
0.0005492624374670557
0.0005492624374670557
0.0005492624374670557
0.0005492624374670557
0.0005492624374670557
0.0005492624374670557
0.0005492624374670557
0.0005492624374670557
0.0005492624374670557
0.0005492624374670557
0.0005492624374670557
0.0005492624374670557
0.0005492624374670557
0.0005492624374670557
