[0, 0, 0, 0, 0]
[-28.11484041 -27.96848475 -27.65204982 -28.36564091 -28.88311864]
[0, 0, 0, 0, 0]
[-26.62066063 -28.76548758 -27.29395093 -28.80887842 -29.41247009]
[0, 0, 0, 0, 0]
[-25.98795019 -25.77355178 -25.40183803 -24.97820572 -26.85779854]
[0, 0, 0, 0, 0]
[-24.84619766 -27.00631387 -25.26319226 -25.83162004 -27.9922093 ]
[0, 0, 0, 0, 0]
[-27.43105935 -26.72665139 -26.28415315 -27.17137687 -25.2469764 ]
[-28.04027422 -27.41738674 -27.07702373 -27.74461389 -26.75163969]
[-30.39912505 -29.06720134 -29.56831133 -29.72267426 -28.12301996]
[-27.26297818 -29.28038546 -28.65356483 -27.44774047 -28.66336457]
[-29.72776822 -29.01561319 -29.07031885 -29.12411632 -27.7593549 ]
[-28.12873733 -29.27818367 -27.41601925 -26.39408181 -28.52061623]
[-29.93698869 -29.46593364 -29.54749434 -29.22612146 -29.18883188]
[-27.93773169 -29.69422533 -29.11632226 -28.44052502 -28.21402664]
[-29.4390405  -30.85182263 -30.44002061 -30.10523701 -30.29516357]
[-29.98794052 -29.99381507 -30.46804306 -31.14889661 -29.56890844]
[-31.24196947 -29.9860074  -31.04020015 -29.98072819 -28.52546589]
[-30.33633557 -30.85648358 -28.88579761 -30.96553771 -29.69129404]
[-32.08253972 -28.97830428 -31.33808514 -31.0258964  -29.19867214]
[-29.64537488 -30.17613933 -28.44592988 -29.99537565 -28.70632538]
[-31.91038276 -31.63671197 -30.34721238 -29.65910142 -29.91968079]
[-29.87676611 -30.11265727 -30.23835213 -31.07641225 -31.36204536]
[-33.31174472 -32.12367796 -31.68325028 -34.05709769 -33.75638832]
