0.0017308282853254536
0.0023021838716701256
0.002637389567790239
0.0006388463632668019
0.0017201001064762749
0.001834101285662564
0.003840287584239627
0.004260759398866127
0.0025839171358308624
0.0017756331887547098
0.003535231514551114
0.0008854510247567476
0.0021888724155650764
0.0006837986408773132
0.001715538174776594
0.0011863397198593143
0.0008634158910113014
0.0008634158910113014
0.0031666799450105034
0.00031486958310255643
0.0017478169856481908
0.008629425774240156
0.0024715283960185888
0.0024715283960185888
0.006190061577633348
0.009136224000280233
0.0009712646456663341
0.002464102141363025
0.0017655806786874913
0.0028174631949925972
0.0004502009680503096
0.0031290938351186738
0.004338879494056376
0.0017953800685612648
0.0004959485118063945
0.0019757079637352385
0.002802877923409327
0.0001049137658339673
0.000727022310135975
0.0014948019067545623
0.0014313775610761813
0.0023252326455885067
0.003017611098386175
0.004574778103940754
0.00044284536104705844
0.00044284536104705844
0.000935547734110537
0.002134931786018828
0.00035211180805734717
0.00035211180805734717
0.00035211180805734717
0.00035211180805734717
0.00035211180805734717
0.00035211180805734717
0.00035211180805734717
0.00035211180805734717
0.00035211180805734717
0.00035211180805734717
0.00035211180805734717
0.00035211180805734717
0.00035211180805734717
0.00035211180805734717
0.00035211180805734717
0.00035211180805734717
0.00035211180805734717
0.00035211180805734717
0.00035211180805734717
0.00035211180805734717
0.00035211180805734717
0.00035211180805734717
0.00035211180805734717
0.00035211180805734717
0.00035211180805734717
0.00035211180805734717
0.00035211180805734717
0.00035211180805734717
0.00035211180805734717
0.00035211180805734717
0.00035211180805734717
0.00035211180805734717
0.00035211180805734717
0.00035211180805734717
0.00035211180805734717
0.00035211180805734717
0.00035211180805734717
0.00035211180805734717
0.00035211180805734717
0.00035211180805734717
0.00035211180805734717
0.00035211180805734717
0.00035211180805734717
0.00035211180805734717
0.00035211180805734717
0.00035211180805734717
0.00035211180805734717
0.00035211180805734717
0.0014333359088221725
0.0011614981900248296
0.0015574992165087046
0.0006268940905945269
0.0018794405280759695
0.0021375279731288875
0.0036195590891059046
0.0009258507255427737
0.0017879888327143954
0.0028597410699739514
0.0025026005262210336
0.00042898059291210985
0.001488691345427064
0.003028324892305709
0.002417644749811775
0.00380917255476815
0.0030079513276919413
0.002369587742056479
0.0017726151685265828
0.0005237350358750716
0.002742441955631311
0.0016027838153616274
0.0029490494919202255
0.0011663270573027433
0.001145768677926061
0.0017166200349965789
0.003794680830176908
0.006598668122683452
0.008308024333564213
0.0019477841620151608
0.0006094679179419486
0.0019949288752090172
0.002101782652015752
0.0032465277925116573
0.004146312871787738
0.000340951226084801
0.0024640814292635313
0.007212624457225704
0.010980932881147779
0.009111116256209048
0.0020247273606201245
0.000756407648225579
0.0009045793563367032
0.0013342597849988775
0.0017277326982397534
0.0004244037021277078
0.0010942427055011977
0.0018770833215635602
0.0006198409195017401
0.0006198409195017401
0.0006198409195017401
0.0006198409195017401
0.0006198409195017401
0.0006198409195017401
0.0006198409195017401
0.0006198409195017401
0.0006198409195017401
0.0006198409195017401
0.0006198409195017401
0.0006198409195017401
0.0006198409195017401
0.0006198409195017401
0.0006198409195017401
0.0006198409195017401
0.0006198409195017401
0.0006198409195017401
0.0006198409195017401
0.0006198409195017401
0.0006198409195017401
0.0006198409195017401
0.0006198409195017401
0.0006198409195017401
0.0006198409195017401
0.0006198409195017401
0.0006198409195017401
0.0006198409195017401
0.0006198409195017401
0.0006198409195017401
0.0006198409195017401
0.0006198409195017401
0.0006198409195017401
0.0006198409195017401
0.0006198409195017401
0.0006198409195017401
0.0006198409195017401
0.0006198409195017401
0.0006198409195017401
0.0006198409195017401
0.0006198409195017401
0.0006198409195017401
0.0006198409195017401
0.0006198409195017401
0.0006198409195017401
0.0006198409195017401
0.0006198409195017401
0.0006198409195017401
0.0012151821883150341
0.0006550020160047104
0.00017376502998104107
0.0008499807546021431
0.0009668733087052003
0.0012487957833156127
0.0006695175687663827
0.0011145828910254117
0.0013567179001884176
0.004274990359234516
0.0013294959541485614
0.0031529819051593633
0.002032198670917501
0.002046693536916497
0.0015372413364567424
0.001364214375217593
0.0008126443593793791
0.0036282938099113904
0.002337415340968145
0.0036041971300427634
0.004943404226357511
0.002380333479080038
0.0017689786436493058
0.0013452777226553299
0.0026710987097651484
0.0014733355255767081
0.00010471061046766475
0.003072918579050038
0.0037810135047836504
0.00470798974949991
0.0029232379925833367
0.0014878868966173566
0.0002237305962922028
0.0002237305962922028
0.00018390133681850732
0.005637145860188249
0.009420382547066664
0.003546408005098406
0.0009236241270573382
0.0014193282152938872
0.0023980334410127336
0.001183734338454886
0.0032310466234207417
0.0011637279751123357
0.0018548458079910336
0.0006593685813722459
0.0009721389562950205
0.0016454758344829046
0.0016454758344829046
0.0016454758344829046
0.0005768408056959474
0.0005768408056959474
0.0005768408056959474
0.0005768408056959474
0.0005768408056959474
0.0005768408056959474
0.0005768408056959474
0.0005768408056959474
0.0005768408056959474
0.0005768408056959474
0.0005768408056959474
0.0005768408056959474
0.0005768408056959474
0.0005768408056959474
0.0005768408056959474
0.0005768408056959474
0.0005768408056959474
0.0005768408056959474
0.0005768408056959474
0.0005768408056959474
0.0005768408056959474
0.0005768408056959474
0.0005768408056959474
0.0005768408056959474
0.0005768408056959474
0.0005768408056959474
0.0005768408056959474
0.0005768408056959474
0.0005768408056959474
0.0005768408056959474
0.0005768408056959474
0.0005768408056959474
0.0005768408056959474
0.0005768408056959474
0.0005768408056959474
0.0005768408056959474
0.0005768408056959474
0.0005768408056959474
0.0005768408056959474
0.0005768408056959474
0.0005768408056959474
0.0005768408056959474
0.0005768408056959474
0.0005768408056959474
0.0005768408056959474
0.0005768408056959474
0.0024713670270538352
0.002201054842908146
0.0013576942812075841
0.0009072256489820198
0.002533928781790207
0.0021446586246401467
0.0035144227335943932
0.005538219836957267
0.0004367789556675942
0.0005238909307032566
0.0025894318213665335
0.0010965780114760774
0.00013923754359826531
0.0009068665564543586
0.0013568166363351721
0.001452604515109564
0.003037647809279962
0.0025806305955091875
0.0014297470589882436
0.0023384545789353634
0.0021126216439259025
0.0005352198568034441
0.002580348410985261
0.003553561440156174
0.0010151272776227835
0.005735443554384942
0.00112087378708604
0.0034977890829638535
0.01311745952169106
0.004161087493192049
0.006071852516885258
0.0038801528596075965
0.003193737331915238
0.004918221755760814
0.005486771857034821
0.0067882239709278185
0.002932191000870922
0.0021398677333305752
0.004686650134196866
0.002179209827452233
0.0019088806272859365
0.0005281359110572131
0.0013823249000052466
0.0020755509856499824
0.001803476809782444
0.00137868943537989
0.0013590291841764236
0.0023304283505845473
0.0013059763124752448
0.0013059763124752448
0.0013059763124752448
0.0013059763124752448
0.0013059763124752448
0.0013059763124752448
0.0013059763124752448
0.0013059763124752448
4.4153083914856735e-05
4.4153083914856735e-05
4.4153083914856735e-05
4.4153083914856735e-05
4.4153083914856735e-05
4.4153083914856735e-05
4.4153083914856735e-05
4.4153083914856735e-05
4.4153083914856735e-05
4.4153083914856735e-05
4.4153083914856735e-05
4.4153083914856735e-05
4.4153083914856735e-05
4.4153083914856735e-05
4.4153083914856735e-05
4.4153083914856735e-05
4.4153083914856735e-05
4.4153083914856735e-05
4.4153083914856735e-05
4.4153083914856735e-05
4.4153083914856735e-05
4.4153083914856735e-05
4.4153083914856735e-05
4.4153083914856735e-05
4.4153083914856735e-05
4.4153083914856735e-05
4.4153083914856735e-05
4.4153083914856735e-05
4.4153083914856735e-05
4.4153083914856735e-05
4.4153083914856735e-05
4.4153083914856735e-05
4.4153083914856735e-05
4.4153083914856735e-05
4.4153083914856735e-05
4.4153083914856735e-05
4.4153083914856735e-05
4.4153083914856735e-05
4.4153083914856735e-05
4.4153083914856735e-05
0.0008312953061553747
0.0008751725359023581
0.0016968394648543728
0.0031203991692846625
0.0008183558317490383
0.001952889653843058
0.0004992206069488361
0.001504657742882516
0.0005210697854655007
0.0004441860491457756
0.003209767453531324
0.0025919023794478157
0.004596119762210093
0.0010312267122522933
0.0010452402952070001
0.0021591104117145623
0.001957826922143091
0.001957826922143091
0.0029027298665562275
0.0008392452341279538
0.0008392452341279538
0.00406550374103259
0.0017316818788551487
0.00422162023083428
0.00333873268277548
0.0014233397064320457
0.0015448662769754185
0.0021703054340472296
0.002010526617082028
0.002708688722899524
0.0012879315798158455
0.005758493971551191
0.003901299859198489
0.0035865281310805542
0.00417356242038323
0.0034483953278044016
0.0033752605870998667
0.00047801579624937723
0.00048160043271955853
0.002230825936399021
0.001533589806667018
0.0022119781617928307
0.0008999303039845105
0.002094187998698439
0.0005232742071895266
0.0008733282451494857
0.001545068837019462
0.0026689682389944183
0.0009657367599531399
0.0009657367599531399
3.151503637054435e-05
3.151503637054435e-05
3.151503637054435e-05
3.151503637054435e-05
3.151503637054435e-05
3.151503637054435e-05
3.151503637054435e-05
3.151503637054435e-05
3.151503637054435e-05
3.151503637054435e-05
3.151503637054435e-05
3.151503637054435e-05
3.151503637054435e-05
3.151503637054435e-05
3.151503637054435e-05
3.151503637054435e-05
3.151503637054435e-05
3.151503637054435e-05
3.151503637054435e-05
3.151503637054435e-05
3.151503637054435e-05
3.151503637054435e-05
3.151503637054435e-05
3.151503637054435e-05
3.151503637054435e-05
3.151503637054435e-05
3.151503637054435e-05
3.151503637054435e-05
3.151503637054435e-05
3.151503637054435e-05
3.151503637054435e-05
3.151503637054435e-05
3.151503637054435e-05
3.151503637054435e-05
3.151503637054435e-05
3.151503637054435e-05
3.151503637054435e-05
3.151503637054435e-05
3.151503637054435e-05
3.151503637054435e-05
3.151503637054435e-05
3.151503637054435e-05
3.151503637054435e-05
3.151503637054435e-05
3.151503637054435e-05
3.151503637054435e-05
0.0004899235447320745
0.0026877920956022683
0.0017863516885612148
0.0031590806592658605
0.0029740810241427433
0.001260517726808662
0.0010727120320133026
0.0037394852999654707
0.00046607697085801654
8.367003821813275e-05
0.0014130976092504325
0.00038708961716994684
0.0007182036002551653
0.001201828870540891
0.003108518132753788
0.0012635501295352215
0.003045755040058176
0.0041668823070003455
0.0018056351074128216
0.0027292254430396953
0.0009323065888279915
0.0034405917801571062
0.0037184511653653605
0.002940419078961129
0.003982783231119631
0.0007577567920678402
0.0014052595431759951
0.005664074232691786
0.0014707930581366584
0.006532797460981002
0.005933353460079557
0.001322820082696294
0.00202609698580327
0.00011620490539682345
0.0008446132666295971
0.0027932641466512937
0.0038516281664937218
0.0017817579498966795
0.004272777874764048
0.0009749068886141113
0.0015789161432038675
0.0025211492551823022
0.0010894507222229295
0.001430131971909959
0.0002188971565671772
0.001021396859600935
0.0007056015401891136
0.0016117658814832911
0.0016117658814832911
0.00048713694554272744
0.00048713694554272744
0.00048713694554272744
0.00048713694554272744
0.00048713694554272744
0.00048713694554272744
0.00048713694554272744
0.00048713694554272744
0.00048713694554272744
0.00048713694554272744
0.00048713694554272744
0.00048713694554272744
0.00048713694554272744
0.00048713694554272744
0.00048713694554272744
0.00048713694554272744
0.00048713694554272744
0.00048713694554272744
0.00048713694554272744
0.00048713694554272744
0.00048713694554272744
0.00048713694554272744
0.00048713694554272744
0.00048713694554272744
0.00048713694554272744
0.00048713694554272744
0.00048713694554272744
0.00048713694554272744
0.00048713694554272744
0.00048713694554272744
0.00048713694554272744
0.00048713694554272744
0.00048713694554272744
0.00048713694554272744
0.00048713694554272744
0.00048713694554272744
0.00048713694554272744
0.00048713694554272744
0.00048713694554272744
0.00048713694554272744
0.00048713694554272744
0.00048713694554272744
0.00048713694554272744
0.00048713694554272744
0.00048713694554272744
0.00048713694554272744
0.00048713694554272744
0.0011834504867373717
0.00012655661020144005
0.0008434808744227206
0.0018129321417346528
0.0012329168794723835
0.003079801144904729
0.00370174649406199
0.003073734662075639
0.0028972726409939543
0.0010421290831005266
0.0008338803944898153
0.0033930790817170886
0.0019351409551064847
0.001264866684002722
0.002517679056939925
0.0022686776856285723
0.0006238023319714134
0.0011434882138686847
0.0028240080106768876
0.004337006887393486
0.004623370260167457
0.0030022147832042536
0.0017990638861172118
0.0015355593865339877
0.0025648134947498964
0.004089643641937248
0.0006789934468979602
0.001811462990473074
0.0018078442476049214
0.0008031111630532823
0.005597615708054293
0.001473549704698868
1.6301658212283104e-05
0.005236447608900596
0.004957800860330375
0.0014369307447223978
0.003287687375210566
0.0037349676565664276
0.0020100043353081277
0.0025015173133091538
0.0010652339654121344
0.002052080373950541
0.0016196406262844463
0.0018552918000821917
0.0012581850075616095
0.0021732563125632094
0.0016007304468629987
0.00015739978647831554
0.00015739978647831554
0.00015739978647831554
0.00015739978647831554
0.00015739978647831554
0.00015739978647831554
0.00015739978647831554
0.00015739978647831554
0.00015739978647831554
0.00015739978647831554
0.00015739978647831554
0.00015739978647831554
0.00015739978647831554
0.00015739978647831554
0.00015739978647831554
0.00015739978647831554
0.00015739978647831554
0.00015739978647831554
0.00015739978647831554
0.00015739978647831554
0.00015739978647831554
0.00015739978647831554
0.00015739978647831554
0.00015739978647831554
0.00015739978647831554
0.00015739978647831554
0.00015739978647831554
0.00015739978647831554
0.00015739978647831554
0.00015739978647831554
0.00015739978647831554
0.00015739978647831554
0.00015739978647831554
0.00015739978647831554
0.00015739978647831554
0.00015739978647831554
0.00015739978647831554
0.00015739978647831554
0.00015739978647831554
0.00015739978647831554
0.00015739978647831554
0.00015739978647831554
0.00015739978647831554
0.00015739978647831554
0.00015739978647831554
0.00015739978647831554
0.00015739978647831554
0.00015739978647831554
0.00015739978647831554
9.187331659370624e-05
0.0013268432947725214
0.0002993460558677586
0.0007297906048645906
0.0006152583016706278
0.0034922333427727026
0.003960971593338093
0.0021407916460615094
0.0011519721933491087
0.0010509298457125164
0.0015192669002182004
0.0005932170083589074
0.001315218910713668
0.001664919989849176
0.004786465668046512
0.0002704824602879469
0.0020672380825536955
0.0030857563585703707
0.002172029799963962
0.001333588226887561
0.0022557164301703573
0.0023551973906521502
0.006626863737231193
0.002419581643233396
0.004856041704189803
0.004600273670551093
0.0024480590206076586
0.002018117610707761
0.003378435025724138
0.001874438412497183
0.003887025452857486
0.003025343235394398
0.0034145591931024405
0.004914326938954959
0.005164748056347955
0.00046288726899759627
0.006638404478638096
0.008174097718909253
0.006175983155916659
0.007937346037956709
0.0014640750781722807
0.0011648059347030121
0.001668562414394102
0.0013867527346916792
0.0004323769132838118
0.0006929455133351989
0.0014981977441258102
0.0005379278926422575
0.0005379278926422575
0.0005379278926422575
0.0005379278926422575
0.0005379278926422575
0.0005379278926422575
0.0005379278926422575
0.0005379278926422575
0.0005379278926422575
0.0005379278926422575
0.0005379278926422575
0.0005379278926422575
0.0005379278926422575
0.0005379278926422575
0.0005379278926422575
0.0005379278926422575
0.0005379278926422575
0.0005379278926422575
0.0005379278926422575
0.0005379278926422575
0.0005379278926422575
0.0005379278926422575
0.0005379278926422575
0.0005379278926422575
0.0005379278926422575
0.0005379278926422575
0.0005379278926422575
0.0005379278926422575
0.0005379278926422575
0.0005379278926422575
0.0005379278926422575
0.0005379278926422575
0.0005379278926422575
0.0005379278926422575
0.0005379278926422575
0.0005379278926422575
0.0005379278926422575
0.0005379278926422575
0.0005379278926422575
0.0005379278926422575
0.0005379278926422575
0.0005379278926422575
0.0005379278926422575
0.0005379278926422575
0.0005379278926422575
0.0005379278926422575
0.0005379278926422575
0.0005379278926422575
0.0005379278926422575
0.0016642865511786106
0.0012550694772642415
0.0024821286952146126
0.0026283654077761042
0.002919903681787807
0.0022675734517711398
0.001987977548561087
0.0037123068692973115
0.002351234858228903
0.00028398427581323394
0.002230119571201193
0.0005674401522799363
0.0026897327380292803
0.003061099030782862
0.0011403230644927349
0.002059792312916831
0.0008626827246397873
0.004516070727476337
0.0026678813166865455
0.0014369706479961228
0.004775735952471572
0.004211606973993291
0.0013353586068830794
0.003733432605669289
0.002790598438381749
0.00211130678470535
0.0025393038649615383
0.000503569558214781
0.0035473633460136687
0.00464060267650445
0.005371046332858856
0.0010020205332724966
0.001636781457330395
0.0010113880325995173
0.0005601709642577384
0.0023546537551473313
0.001529272147700165
0.0030320366112532287
0.0013887222626341694
0.0001112588059003607
0.0014983520721697859
0.0016662031374951175
0.001362080114308304
0.0015620041083199104
0.0014180235652829956
0.00203784432454165
0.0020739916459372523
0.0015872781170385934
0.0015872781170385934
0.0015872781170385934
0.0015872781170385934
0.0015872781170385934
0.0015872781170385934
1.1225487649724544e-05
1.1225487649724544e-05
1.1225487649724544e-05
1.1225487649724544e-05
1.1225487649724544e-05
1.1225487649724544e-05
1.1225487649724544e-05
1.1225487649724544e-05
1.1225487649724544e-05
1.1225487649724544e-05
1.1225487649724544e-05
1.1225487649724544e-05
1.1225487649724544e-05
1.1225487649724544e-05
1.1225487649724544e-05
1.1225487649724544e-05
1.1225487649724544e-05
1.1225487649724544e-05
1.1225487649724544e-05
1.1225487649724544e-05
1.1225487649724544e-05
1.1225487649724544e-05
1.1225487649724544e-05
1.1225487649724544e-05
1.1225487649724544e-05
1.1225487649724544e-05
1.1225487649724544e-05
1.1225487649724544e-05
1.1225487649724544e-05
1.1225487649724544e-05
1.1225487649724544e-05
1.1225487649724544e-05
1.1225487649724544e-05
1.1225487649724544e-05
1.1225487649724544e-05
1.1225487649724544e-05
1.1225487649724544e-05
1.1225487649724544e-05
1.1225487649724544e-05
1.1225487649724544e-05
1.1225487649724544e-05
1.1225487649724544e-05
1.1225487649724544e-05
0.002050090989804033
0.0009301156924948436
0.0009323598896625471
0.0014335361319619579
0.0017576775436480632
0.00011873433358245734
0.001051913564509439
0.00037663907763610914
0.00034516254046005473
0.0033649326225821266
0.0008069506367913166
0.0010553251325519245
0.0021762699872807287
0.0015338888733275953
0.0016477285348561318
0.0021566304363276377
0.000524791417676329
0.0012586901194572213
0.002568630860411755
0.0032664004076046315
0.0001624911666708341
0.0057186184240643
0.0024661472274446618
0.00019603242297985043
0.0014193323996044161
0.005726854575862139
0.005666881138893269
0.003737807292968756
0.0018043847012359148
0.0009361567316890514
0.0007565418869383343
0.00105307860269733
0.003405930514539173
0.003243285308485935
0.0027987343464672644
0.004550309217580546
0.0026307186475078032
0.0015399851300521936
0.0011164138228001745
0.0026146150742745716
0.0031487726220339437
0.00042325302372173503
0.0012404822635269863
0.000889705738493105
0.0020328185999003603
0.001549676137643308
0.0007044306022591716
0.001981447817394905
0.00025233278852926973
0.00025233278852926973
0.00025233278852926973
0.00025233278852926973
0.00025233278852926973
0.00025233278852926973
0.00025233278852926973
0.00025233278852926973
0.00025233278852926973
0.00025233278852926973
0.00025233278852926973
0.00025233278852926973
0.00025233278852926973
0.00025233278852926973
0.00025233278852926973
0.00025233278852926973
0.00025233278852926973
0.00025233278852926973
0.00025233278852926973
0.00025233278852926973
0.00025233278852926973
0.00025233278852926973
0.00025233278852926973
0.00025233278852926973
0.00025233278852926973
0.00025233278852926973
0.00025233278852926973
0.00025233278852926973
0.00025233278852926973
0.00025233278852926973
0.00025233278852926973
0.00025233278852926973
0.00025233278852926973
0.00025233278852926973
0.00025233278852926973
0.00025233278852926973
0.00025233278852926973
0.00025233278852926973
0.00025233278852926973
0.00025233278852926973
0.00025233278852926973
0.00025233278852926973
0.00025233278852926973
0.00025233278852926973
0.00025233278852926973
0.00025233278852926973
0.00025233278852926973
0.00025233278852926973
0.004527186144757059
0.0023447793684287233
0.002020870734432821
0.0030303175236787005
0.001154380707359016
0.0014724044236954143
0.002110382641863808
0.000787514045909658
0.0021168818912693376
0.001584228388631877
0.001113971738366069
0.002495588262497901
0.0003227893259442026
0.0013600702421047671
0.0029675681874973157
0.0007460711789203265
0.0013206519638151565
0.003248202411743099
0.0030018631287292686
0.000995265211601296
0.002779131707570979
0.003996616047167218
0.002194443436079346
0.004007042681805215
0.004555446718785424
0.0018880844970474578
0.0033277854437315235
0.005631764438879489
0.00563938135404695
0.003674494362483117
0.00041409317385424256
0.0009067759037179827
0.0017853415232182426
0.002092564964535095
0.006131187728318314
0.005106111055817843
0.0032800078841048698
0.001436007763897072
0.002700659422623283
0.00032382479351974157
0.0007716336353837524
0.0007716336353837524
0.0015379809428648153
0.0007469537363440923
0.00022803334118311896
0.0018429355506213313
0.003432678902180198
0.0028672708422283763
0.0028672708422283763
0.00015977455678983874
0.00015977455678983874
0.00015977455678983874
0.00015977455678983874
0.00015977455678983874
0.00015977455678983874
0.00015977455678983874
0.00015977455678983874
0.00015977455678983874
0.00015977455678983874
0.00015977455678983874
0.00015977455678983874
0.00015977455678983874
0.00015977455678983874
0.00015977455678983874
0.00015977455678983874
0.00015977455678983874
0.00015977455678983874
0.00015977455678983874
0.00015977455678983874
0.00015977455678983874
0.00015977455678983874
0.00015977455678983874
0.00015977455678983874
0.00015977455678983874
0.00015977455678983874
0.00015977455678983874
0.00015977455678983874
0.00015977455678983874
0.00015977455678983874
0.00015977455678983874
0.00015977455678983874
0.00015977455678983874
0.00015977455678983874
0.00015977455678983874
0.00015977455678983874
0.00015977455678983874
0.00015977455678983874
0.00015977455678983874
0.00015977455678983874
0.00015977455678983874
0.00015977455678983874
0.00015977455678983874
0.00015977455678983874
0.00015977455678983874
0.00015977455678983874
0.00015977455678983874
0.003022979679500207
0.0012221093813789472
0.004472607581909217
0.0018912745301160605
0.0029508796778946176
0.0008002653335537268
0.00042649862699637364
0.004643156756281663
0.0014813898182995007
0.0016375412254177916
0.001978964325582912
8.547964418212199e-05
0.0008205764504924168
0.0017564644364787812
0.0037063612175925196
0.0033329121688938654
0.0014680211811569721
0.0021265427213369046
0.004320939493510345
0.0023166457586554817
0.005149793417423075
0.0073638520071891
0.0012490799764766037
0.0005138491359957188
0.0030126483595009504
0.004049996848621042
0.002398834024035566
0.004464145247262493
0.004134498875558966
0.0014857460113265205
0.00705727806600189
0.006225500478035791
0.002290901857716859
0.00018709716841687572
0.00204834052506387
0.000990301153208313
0.000990301153208313
0.00347067937460319
0.002350930834643024
0.001023921036699055
0.0023012909115908108
0.001178632802738943
0.002024565519217719
0.0023645470942158494
0.0011364290919239487
0.0006331515886246117
0.0010035043866786976
0.0009569453678543083
0.0009569453678543083
4.9301087621819164e-05
4.9301087621819164e-05
4.9301087621819164e-05
4.9301087621819164e-05
4.9301087621819164e-05
4.9301087621819164e-05
4.9301087621819164e-05
4.9301087621819164e-05
4.9301087621819164e-05
4.9301087621819164e-05
4.9301087621819164e-05
4.9301087621819164e-05
4.9301087621819164e-05
4.9301087621819164e-05
4.9301087621819164e-05
4.9301087621819164e-05
4.9301087621819164e-05
4.9301087621819164e-05
4.9301087621819164e-05
4.9301087621819164e-05
4.9301087621819164e-05
4.9301087621819164e-05
4.9301087621819164e-05
4.9301087621819164e-05
4.9301087621819164e-05
4.9301087621819164e-05
4.9301087621819164e-05
4.9301087621819164e-05
4.9301087621819164e-05
4.9301087621819164e-05
4.9301087621819164e-05
4.9301087621819164e-05
4.9301087621819164e-05
4.9301087621819164e-05
4.9301087621819164e-05
4.9301087621819164e-05
4.9301087621819164e-05
4.9301087621819164e-05
4.9301087621819164e-05
4.9301087621819164e-05
4.9301087621819164e-05
4.9301087621819164e-05
4.9301087621819164e-05
4.9301087621819164e-05
4.9301087621819164e-05
4.9301087621819164e-05
4.9301087621819164e-05
0.0016943748104541146
0.00012830432311394498
0.0026790438150067226
0.001485079890274044
0.003337764750783333
0.0006594617312053698
0.0015536579349373393
0.005697760901975494
0.005357008581082196
0.006236262565540922
0.0007114205615996166
0.0011540134665350178
0.0010049178186280552
0.0013246005475023913
0.0013246005475023913
0.0007886166995953684
0.00081876654271038
0.0032156406198935125
0.001025603833459382
0.001547885960723359
0.00280628958953545
0.0031387766809722398
0.0039472402001892015
0.0017595530390390269
0.005511288046927375
0.0020269364274947323
0.0023774422165849973
0.001283307061566809
0.002167417312027654
0.0010918968024565287
0.0023408025879184512
0.0023593328287489957
0.0018120691816208654
0.0007207649973095822
0.0007207649973095822
0.0018277422645642414
0.0012836987039395956
0.0005297002536467817
0.0018258568901321445
0.007307989544644078
0.006593574792467699
0.0004288683447746768
0.002070244346080848
0.0007836055097019972
0.0015259455961739268
0.0003307590938086578
0.0007664390026403962
0.003054393231574369
0.003054393231574369
0.0014273478972575788
0.00036122534394629046
0.00036122534394629046
0.00036122534394629046
0.00036122534394629046
0.00036122534394629046
0.00036122534394629046
0.00036122534394629046
0.00036122534394629046
0.00036122534394629046
0.00036122534394629046
0.00036122534394629046
0.00036122534394629046
0.00036122534394629046
0.00036122534394629046
0.00036122534394629046
0.00036122534394629046
0.00036122534394629046
0.00036122534394629046
0.00036122534394629046
0.00036122534394629046
0.00036122534394629046
0.00036122534394629046
0.00036122534394629046
0.00036122534394629046
0.00036122534394629046
0.00036122534394629046
0.00036122534394629046
0.00036122534394629046
0.00036122534394629046
0.00036122534394629046
0.00036122534394629046
0.00036122534394629046
0.00036122534394629046
0.00036122534394629046
0.00036122534394629046
0.00036122534394629046
0.00036122534394629046
0.00036122534394629046
0.00036122534394629046
0.00036122534394629046
0.00036122534394629046
0.00036122534394629046
0.00036122534394629046
0.00036122534394629046
0.00036122534394629046
0.00036122534394629046
0.00036122534394629046
0.00036122534394629046
0.0015064122921664659
0.002385737941689543
0.0006444389692216372
0.001071472225622038
0.0006014968053284467
0.003492318913456229
0.004874167035887505
0.0025598582264782146
0.0016920984387758667
0.0024675159672956424
0.0008128079656514473
0.0022788810274957287
0.0027583200044141378
0.0006782383768699036
0.0027113259039168616
0.0005426635075157459
0.00013864500075056341
0.0013283410332946312
0.001162109868263251
0.0015802935288946537
0.0036760059476386832
0.005379078634097133
0.0009938545861137406
0.002297688860653106
5.5201038487666994e-05
0.001869897938134686
0.002974253521433855
0.0014426066172876105
0.0010866174057408856
0.0011588014585899335
0.0009659240745514237
0.0013487425363898841
0.002201506882399986
0.003776405122792571
0.004443166092699564
0.0031901308411146113
0.0027075929686089274
0.001521132097179008
0.00041006789155996004
0.0013253359352811392
0.002245064853281818
0.0015769716677305568
0.0014631738890231278
0.00044655107745271785
0.0019314700906908225
0.0029733244740751206
0.001467052236327213
0.001467052236327213
0.001467052236327213
0.001467052236327213
0.001467052236327213
8.873359219847311e-05
8.873359219847311e-05
8.873359219847311e-05
8.873359219847311e-05
8.873359219847311e-05
8.873359219847311e-05
8.873359219847311e-05
8.873359219847311e-05
8.873359219847311e-05
8.873359219847311e-05
8.873359219847311e-05
8.873359219847311e-05
8.873359219847311e-05
8.873359219847311e-05
8.873359219847311e-05
8.873359219847311e-05
8.873359219847311e-05
8.873359219847311e-05
8.873359219847311e-05
8.873359219847311e-05
8.873359219847311e-05
8.873359219847311e-05
8.873359219847311e-05
8.873359219847311e-05
8.873359219847311e-05
8.873359219847311e-05
8.873359219847311e-05
8.873359219847311e-05
8.873359219847311e-05
8.873359219847311e-05
8.873359219847311e-05
8.873359219847311e-05
8.873359219847311e-05
8.873359219847311e-05
8.873359219847311e-05
8.873359219847311e-05
8.873359219847311e-05
8.873359219847311e-05
8.873359219847311e-05
8.873359219847311e-05
8.873359219847311e-05
8.873359219847311e-05
8.873359219847311e-05
0.002177580015124904
0.0019303180233182138
0.0019303180233182138
0.0003973950898600786
0.0013408617273131297
0.0013187932933204079
0.0009614475054217841
0.0011062588020691651
0.001309886820534592
0.003337319256992361
0.00022501189539957372
0.0016570769688766434
0.0004708212994637014
0.002997718518709554
0.0007425020155599222
0.0005506971308755343
0.002655568479137497
0.0011566416483726877
0.002243662558760766
0.00033061167202642905
0.0006505743060723958
0.0015729799098778436
0.001378635701990759
0.002108465863325277
0.0036625942932881975
0.0005689906804642658
0.003344813937285983
0.0017829998438603153
0.0010257517908202336
0.0016920892740482783
0.0031521819003537733
0.003948631867005982
0.0020094852790901304
0.0036298324574306254
0.002204304219610365
0.0024995378756728637
0.002364243927019109
0.0031893827121993743
0.005814548187151848
0.004588705260394674
0.002200477590167151
0.0003615506118671203
0.0013965622437971652
0.0013965622437971652
0.0006743215609660554
0.001532821652922856
0.002715746414408658
0.000609259601902641
0.000609259601902641
0.000609259601902641
0.000609259601902641
0.000609259601902641
0.000609259601902641
0.000609259601902641
0.000609259601902641
0.000609259601902641
0.000609259601902641
0.000609259601902641
0.000609259601902641
0.000609259601902641
0.000609259601902641
0.000609259601902641
0.000609259601902641
0.000609259601902641
0.000609259601902641
0.000609259601902641
0.000609259601902641
0.000609259601902641
0.000609259601902641
0.000609259601902641
0.000609259601902641
0.000609259601902641
0.000609259601902641
0.000609259601902641
0.000609259601902641
0.000609259601902641
0.000609259601902641
0.000609259601902641
0.000609259601902641
0.000609259601902641
0.000609259601902641
0.000609259601902641
0.000609259601902641
0.000609259601902641
0.000609259601902641
0.000609259601902641
0.000609259601902641
0.000609259601902641
0.000609259601902641
0.000609259601902641
0.000609259601902641
0.000609259601902641
0.000609259601902641
0.000609259601902641
0.000609259601902641
0.000609259601902641
0.004617943156440891
0.0015244908913264895
0.0022620067480378075
0.006810903807169199
0.006612602629676309
0.0023205599446035744
0.003283062427396793
0.0008217371257105057
0.0037034551759169134
0.003717187888150805
0.00021496254520008903
0.0017818442411814848
0.0024563262896386325
0.0036744696876846537
0.00628539648855515
0.0018340407690893316
0.0005249035698409637
0.0019963658666511596
0.0029442547043770136
0.002135184859299816
0.002838190152511104
0.005247323368876594
0.0014865538039184703
0.0013480281048074438
0.0025123062942612436
0.0016300069008499465
0.002124891821162161
0.0024486022129502263
0.002500125685575806
0.0010424364720093239
0.0010424364720093239
0.00042181390108098375
0.0013573788754574964
0.0011692230474746853
0.0037941519623254562
0.00040860107209887697
0.005349042356760197
0.0009739603599448875
0.0031268393247381792
0.0001896493163742758
0.0022083566769945315
0.002635161895423333
0.0010166157719852758
0.0024849894549666147
0.003257506552707746
0.0019070421146624556
0.0036324944388660845
0.0021188260405401154
0.0021188260405401154
0.0021188260405401154
0.00020302949706860023
0.00020302949706860023
0.00020302949706860023
0.00020302949706860023
0.00020302949706860023
0.00020302949706860023
0.00020302949706860023
0.00020302949706860023
0.00020302949706860023
0.00020302949706860023
0.00020302949706860023
0.00020302949706860023
0.00020302949706860023
0.00020302949706860023
0.00020302949706860023
0.00020302949706860023
0.00020302949706860023
0.00020302949706860023
0.00020302949706860023
0.00020302949706860023
0.00020302949706860023
0.00020302949706860023
0.00020302949706860023
0.00020302949706860023
0.00020302949706860023
0.00020302949706860023
0.00020302949706860023
0.00020302949706860023
0.00020302949706860023
0.00020302949706860023
0.00020302949706860023
0.00020302949706860023
0.00020302949706860023
0.00020302949706860023
0.00020302949706860023
0.00020302949706860023
0.00020302949706860023
0.00020302949706860023
0.00020302949706860023
0.00020302949706860023
0.00020302949706860023
0.00020302949706860023
0.00020302949706860023
0.00020302949706860023
0.00020302949706860023
0.00020302949706860023
0.0008016526342604457
0.0012312673457026875
0.0009881227168300633
0.0004012146383711346
0.0009836648979290774
0.003306403746135888
0.0020441583042117347
0.00015446292222959408
0.002448799034543101
0.0009254434065861508
0.0019776403871663707
0.0010132806443508436
0.002722846078378781
0.0008096268537171923
0.004194873866507551
0.003810536614597419
0.0011388652818059715
0.002837694003142347
0.0012184892281633234
0.002697898701902117
0.0010053798174210929
0.00506535549474131
0.0052135204946875905
0.003617085510822595
3.932466989084102e-05
0.0018649603893527054
0.002484055977914
0.004108266918605303
0.0008901585355822346
0.005781723792188446
0.009793460575541963
0.002913757413768174
0.0011085461432649765
0.002317155551868362
0.0007590306800389452
0.0027453525052900402
0.0052462833117634155
1.3163773210533858e-05
0.0024742648179889044
0.0017975357228386902
0.0005052819423952883
0.0005052819423952883
0.001394049874115941
0.0012482431142275669
0.0012521411940411523
5.685345561755556e-05
0.0005390336629869945
0.0019772302992941857
0.0019772302992941857
0.0019772302992941857
0.0006864542309494735
0.0006864542309494735
0.0006864542309494735
0.0006864542309494735
0.0006864542309494735
0.0006864542309494735
0.0006864542309494735
0.0006864542309494735
0.0006864542309494735
0.0006864542309494735
0.0006864542309494735
0.0006864542309494735
0.0006864542309494735
0.0006864542309494735
0.0006864542309494735
0.0006864542309494735
0.0006864542309494735
0.0006864542309494735
0.0006864542309494735
0.0006864542309494735
0.0006864542309494735
0.0006864542309494735
0.0006864542309494735
0.0006864542309494735
0.0006864542309494735
0.0006864542309494735
0.0006864542309494735
0.0006864542309494735
0.0006864542309494735
0.0006864542309494735
0.0006864542309494735
0.0006864542309494735
0.0006864542309494735
0.0006864542309494735
0.0006864542309494735
0.0006864542309494735
0.0006864542309494735
0.0006864542309494735
0.0006864542309494735
0.0006864542309494735
0.0006864542309494735
0.0006864542309494735
0.0006864542309494735
0.0006864542309494735
0.0006864542309494735
0.0006864542309494735
0.0011434784308985188
0.0028365499943199535
0.003631864707280643
0.00048785242673753896
0.0024718895501735236
0.004017179893836209
0.001061330629718465
0.0013642621658022701
0.0019537558858123347
0.0009407663461419714
0.002828653251833595
0.00018200166351521152
0.0017785964134160745
0.000652114145552026
0.0021146829368829407
0.0012482703045770148
0.001613988037384047
0.003190353914334275
0.000741513224892128
0.0008554106085627922
0.000747486339670035
0.0024113575378722696
0.003727611148743828
0.002653276568546225
0.002274905785104313
0.0015524350496010164
0.0037039307400567965
0.002014693897120943
0.004200136585105844
8.831145339142574e-05
0.002560969495980236
0.0018131637068834671
0.003111758939684965
0.0037699812806713815
0.0015587481304993357
0.002157150964983419
0.0023177780087588443
0.0023877260995226464
0.0027020129323237314
0.0013905385762328132
0.0035939996461622453
0.0017609062289843753
0.0016777374423010412
0.002611822073780066
0.00113821159914472
0.0027077274239932126
0.0016401566146947196
0.0029379808346970213
0.0014298144032476676
0.0014298144032476676
0.0014298144032476676
0.00047390136199502476
0.00047390136199502476
0.00047390136199502476
0.00047390136199502476
0.00047390136199502476
0.00047390136199502476
0.00047390136199502476
0.00047390136199502476
0.00047390136199502476
0.00047390136199502476
0.00047390136199502476
0.00047390136199502476
0.00047390136199502476
0.00047390136199502476
0.00047390136199502476
0.00047390136199502476
0.00047390136199502476
0.00047390136199502476
0.00047390136199502476
0.00047390136199502476
0.00047390136199502476
0.00047390136199502476
0.00047390136199502476
0.00047390136199502476
0.00047390136199502476
0.00047390136199502476
0.00047390136199502476
0.00047390136199502476
0.00047390136199502476
0.00047390136199502476
0.00047390136199502476
0.00047390136199502476
0.00047390136199502476
0.00047390136199502476
0.00047390136199502476
0.00047390136199502476
0.00047390136199502476
0.00047390136199502476
0.00047390136199502476
0.00047390136199502476
0.00047390136199502476
0.00047390136199502476
0.00047390136199502476
0.00047390136199502476
0.00047390136199502476
0.0011759534038358567
0.0010870393248953855
0.0020871792815107646
0.0026695144894342557
0.0029659642676298885
0.001609931642362974
0.0012352111215278012
0.0018154882670683371
0.001760930078166945
0.0003460172338445979
0.0016123538494486694
0.001745676075389258
0.00027883152739909293
0.0010281071080126866
0.002658546799537475
0.0011324725702731384
0.003530841610707108
0.0012802876695223921
0.0023430351299737018
0.0018902785263501761
0.0060093437032663274
0.007826065685957574
0.010543709880843032
0.014657814711315916
0.012776930992897416
0.012350585545249572
0.0032386054463292464
0.0024489614922505788
0.003699761191688698
0.002712912766453377
0.0008542667210291836
0.0039638014377292585
0.0066486882864631325
0.004562451826367281
0.0016867485201030197
0.0019563788637828204
2.6156008861534172e-05
0.0006221168333261106
0.005608640785829218
0.007393656694520811
0.0003046006122407333
0.0005004020846885772
0.0013363205011155367
0.0005435741292761226
0.0006405025560153734
0.0015702136683148587
0.0035477670696613083
0.002130852071772666
0.002130852071772666
0.00020772951209858167
0.00020772951209858167
0.00020772951209858167
0.00020772951209858167
0.00020772951209858167
0.00020772951209858167
0.00020772951209858167
0.00020772951209858167
0.00020772951209858167
0.00020772951209858167
0.00020772951209858167
0.00020772951209858167
0.00020772951209858167
0.00020772951209858167
0.00020772951209858167
0.00020772951209858167
0.00020772951209858167
0.00020772951209858167
0.00020772951209858167
0.00020772951209858167
0.00020772951209858167
0.00020772951209858167
0.00020772951209858167
0.00020772951209858167
0.00020772951209858167
0.00020772951209858167
0.00020772951209858167
0.00020772951209858167
0.00020772951209858167
0.00020772951209858167
0.00020772951209858167
0.00020772951209858167
0.00020772951209858167
0.00020772951209858167
0.00020772951209858167
0.00020772951209858167
0.00020772951209858167
0.00020772951209858167
0.00020772951209858167
0.00020772951209858167
0.00020772951209858167
0.00020772951209858167
0.00020772951209858167
0.00020772951209858167
0.00020772951209858167
0.00020772951209858167
0.00020772951209858167
0.0026985910309397093
0.0026985910309397093
0.002086980009026121
0.0027924912775937633
0.002790268238555841
0.0008288102298194691
0.0013535351560607168
0.0002271302564538051
0.0030476989451509065
0.00029106158107206114
2.3331124193971212e-05
0.0030873580582821826
0.0011846138472971232
0.0024368690222551876
0.0006433260943143866
0.000628518373185991
0.003006267943333558
0.002366130570850436
0.003031386382002954
0.0030087500187431487
0.0020718794251987074
0.0007365135512281207
0.0052134204120396
0.003771025418988998
0.003679156240886995
0.006636556065178921
0.007888743559583357
0.0007743557437651667
0.004930683398934977
0.004930683398934977
0.0026101276977904975
0.0035355089409291607
0.0022129062893105483
0.002892027898424545
0.0002239485730360178
0.002368035446542182
0.004320948586698162
0.0027000168158163623
0.0029624693524474225
0.0011763098845640144
0.001660646235479746
0.0012451217184127057
0.000408574161314873
0.0005158168185871079
0.0007519449581756084
0.0016118233573402423
0.00114266093039422
0.0015034043735993809
0.0015034043735993809
0.0015034043735993809
0.0015034043735993809
0.0015034043735993809
4.773822549560729e-05
4.773822549560729e-05
4.773822549560729e-05
4.773822549560729e-05
4.773822549560729e-05
4.773822549560729e-05
4.773822549560729e-05
4.773822549560729e-05
4.773822549560729e-05
4.773822549560729e-05
4.773822549560729e-05
4.773822549560729e-05
4.773822549560729e-05
4.773822549560729e-05
4.773822549560729e-05
4.773822549560729e-05
4.773822549560729e-05
4.773822549560729e-05
4.773822549560729e-05
4.773822549560729e-05
4.773822549560729e-05
4.773822549560729e-05
4.773822549560729e-05
4.773822549560729e-05
4.773822549560729e-05
4.773822549560729e-05
4.773822549560729e-05
4.773822549560729e-05
4.773822549560729e-05
4.773822549560729e-05
4.773822549560729e-05
4.773822549560729e-05
4.773822549560729e-05
4.773822549560729e-05
4.773822549560729e-05
4.773822549560729e-05
4.773822549560729e-05
4.773822549560729e-05
4.773822549560729e-05
4.773822549560729e-05
4.773822549560729e-05
4.773822549560729e-05
4.773822549560729e-05
4.773822549560729e-05
