[0, 0, 0, 0, 0]
[-3.16166789 -3.47986052 -3.26360221 -3.24181267 -3.11349478]
[-2.54866947 -2.54987294 -2.31223459 -2.41596659 -1.97905857]
[0, 0, 0, 0, 0]
[-2.78300503 -2.81078777 -2.75322059 -2.71292391 -2.62041058]
[-3.18489028 -3.11034342 -3.06086725 -3.31245405 -2.88737687]
[0, 0, 0, 0, 0]
[-2.97624314 -2.75074654 -2.82451459 -2.8913766  -2.61796044]
[-2.28796171 -2.48622669 -2.49994383 -2.1576017  -2.49829016]
[0, 0, 0, 0, 0]
[-2.58937691 -2.78846109 -2.79703648 -2.75173725 -2.60656229]
[-2.73052186 -2.5941155  -2.64450193 -2.77748572 -2.92174218]
[0, 0, 0, 0, 0]
[-3.18868695 -2.80706009 -3.20849132 -3.23963915 -3.02480905]
[-2.74777303 -2.69053187 -2.49731164 -2.75552567 -2.28309608]
[-3.0399334  -3.17351758 -3.28502823 -2.84408522 -2.94672121]
[-2.2783362  -2.1436122  -2.15614824 -2.31779274 -2.28714482]
[-3.14867013 -2.82057949 -2.82003078 -3.01281739 -2.84080024]
[-3.07746118 -3.26284876 -2.91152234 -3.26581156 -3.11702716]
[-2.73659801 -2.69951297 -2.59439137 -2.64006993 -2.60571119]
[-2.71725735 -2.71009888 -2.40827072 -2.66222341 -2.53511782]
[-2.34801122 -2.4382651  -2.18068707 -2.62781224 -2.1303555 ]
[-2.58390602 -2.98795777 -3.04100551 -3.04467138 -2.8845921 ]
[-2.40073596 -2.98096417 -2.73828312 -2.64855105 -2.59701388]
[-3.2118367  -3.02856037 -3.30826943 -2.9780026  -3.05352305]
[-2.93786016 -2.83511988 -3.08749415 -2.9969228  -2.79986596]
[-2.32997571 -2.50430505 -2.29238938 -2.52005542 -2.37579709]
[-2.24232393 -2.11188286 -2.0442757  -2.37773095 -2.40784191]
[-2.80146854 -2.78450569 -2.89421863 -2.86111796 -2.98683353]
[-3.10100773 -3.08648004 -3.27893443 -2.99879979 -2.97950578]
[-2.50018155 -2.87138582 -2.85313685 -2.88649547 -2.56935548]
[-2.75911467 -2.79175011 -2.61154515 -2.67273828 -2.61755758]
[-2.81223984 -2.18756043 -2.36345895 -2.50810311 -2.61071474]
[-2.58960979 -2.44805475 -2.34549985 -2.40099464 -3.02446333]
[-3.10112933 -2.77534081 -3.31036336 -3.0045465  -2.95748249]
[-2.64259995 -2.7243483  -2.34866026 -2.25517596 -3.31235056]
[-2.29144344 -2.66111647 -2.51078849 -2.58296874 -2.04836289]
[-1.582506   -2.08505912 -1.96278589 -1.77789364 -1.97074561]
[-2.89529267 -3.34207119 -2.88920893 -2.98423325 -2.92303529]
[-2.9064292  -2.87019615 -3.04872563 -3.14012305 -2.70685101]
[-2.29514911 -2.13407312 -2.30335982 -2.14877532 -1.95454435]
[-2.70985499 -2.43533881 -2.52194175 -2.47417406 -2.63083304]
[-2.378078   -2.39221147 -2.57251703 -2.37946086 -2.58914677]
[-2.08620109 -2.29341618 -2.73286332 -2.29900962 -2.25311243]
[-2.7330869  -2.66561529 -2.93137342 -2.72915328 -2.91845781]
[-3.0584981  -3.30488125 -3.24720819 -3.30376462 -3.38327297]
[-2.79240605 -2.39694801 -3.04599044 -2.72597198 -2.55402305]
[-3.42207928 -3.80330608 -3.5395606  -3.15133253 -3.2231247 ]
[-3.12040447 -3.31792399 -3.58171363 -3.39725009 -3.5768202 ]
[-2.80666853 -3.21038132 -2.8883831  -2.59547739 -3.18983813]
[-2.17594205 -2.74681911 -2.10141169 -2.22853102 -2.22012095]
[-2.86084484 -2.3321816  -2.85076203 -2.61763572 -3.03982113]
[-3.0272957  -3.01835426 -3.08869511 -3.36399188 -3.1933311 ]
[-3.24387689 -2.81638965 -2.68235408 -2.91351291 -3.02233901]
[-3.41048007 -2.96513524 -3.04827226 -3.167277   -2.77123037]
[-2.90566272 -3.03063779 -3.46953991 -2.66751063 -2.8684653 ]
[-2.6665724  -2.31967057 -2.32756357 -2.56061758 -2.64241323]
[-3.06024227 -2.81779976 -2.89776139 -2.99104138 -2.84344713]
[-2.6217006  -2.84447912 -2.49726946 -2.82750115 -2.72050592]
[-2.66019532 -2.870403   -2.75489529 -2.81909817 -3.13111106]
[-2.8779552  -2.82335895 -2.86941268 -3.05117304 -2.9930914 ]
[-2.86592791 -2.90345028 -2.82354394 -3.01155878 -3.14647883]
[-3.92918787 -3.20200585 -3.46477858 -3.08212215 -3.47953941]
[-2.80926523 -2.99130382 -3.15331522 -2.97241928 -2.67544002]
[-2.69775284 -2.65193249 -2.66330686 -2.45098529 -3.22882122]
[-3.17909198 -2.91313159 -2.96411377 -2.74340788 -2.39260968]
[-2.55000798 -3.10094689 -2.76254643 -3.10154479 -2.93360524]
[-3.0342947  -3.03203071 -2.89674044 -2.41231237 -3.00166803]
[-2.44481297 -2.61413517 -2.77121178 -2.34625478 -2.30488005]
[-3.21977922 -3.34125867 -3.36389579 -3.60803577 -3.52250462]
[-3.13183806 -2.87109492 -3.08129444 -3.0618623  -3.04125945]
[-2.79110172 -2.77587085 -2.73945987 -3.04183631 -3.41634661]
[-3.022491   -3.47984889 -3.30163164 -3.61957613 -3.79400539]
[-3.11666344 -3.04156697 -3.38521191 -3.4141488  -3.18718248]
[-2.81811915 -3.10992756 -2.79715104 -3.02655124 -3.39707265]
[-2.56253961 -2.70248892 -2.91018958 -2.72017469 -2.92239391]
[-2.68820964 -2.95330244 -2.79461853 -2.4982388  -3.12772509]
[-3.02993701 -2.69492851 -2.70059174 -2.77016554 -3.16458478]
[-2.78205899 -2.89568608 -3.03653369 -2.86481423 -3.09537533]
[-3.01058817 -2.62009346 -3.24660481 -2.5976928  -2.85086364]
[-2.74897393 -3.37904979 -3.03869116 -2.69620006 -2.84025604]
[-3.47346916 -3.14861652 -3.41700665 -3.43691377 -3.38942609]
[-3.01783279 -2.88264382 -2.79160639 -3.08384624 -2.99269387]
[-2.92108572 -2.86490585 -2.70712314 -2.84691742 -2.50166682]
[-2.69690248 -2.97162232 -3.30535552 -3.0400159  -3.33403461]
[-2.80920114 -2.83536938 -3.08951247 -2.88365638 -2.71396608]
[-3.97523923 -4.04301621 -3.80211566 -3.63948624 -3.93536419]
[-2.78882684 -2.46044653 -2.84044853 -2.88718406 -2.93506637]
[-3.66028794 -4.16838694 -3.95288469 -3.84987573 -4.36478468]
[-2.94091292 -3.2814179  -3.0401427  -3.39132199 -3.06677242]
[-3.49116223 -3.78780071 -3.44777514 -3.45483605 -3.82665884]
[-2.83950583 -2.97176846 -3.09349294 -3.16138745 -3.24834357]
[-3.40045214 -3.53631194 -3.39418326 -3.33050854 -3.25121005]
[-3.2846971  -3.77775248 -3.84148618 -3.71842746 -3.29609634]
[-3.84285794 -3.49568632 -3.64301474 -4.06097117 -3.84466485]
[-3.74826208 -3.60548932 -3.93180313 -3.53761449 -3.67504013]
[-3.14694464 -3.3657492  -2.75640521 -3.05355629 -3.03942616]
[-3.1710868  -2.99065456 -2.93315674 -3.66951731 -3.39528817]
