[0, 0, 0, 0, 0, 0, 0, 0]
[-39.1785042  -39.6777044  -39.41319126 -39.6762282  -38.70213454
 -38.3198023  -38.81094316 -38.27783849]
[0, 0, 0, 0, 0, 0, 0, 0]
[-38.13951142 -39.19758848 -39.10664519 -38.84045773 -37.43119905
 -38.03376403 -38.87632577 -38.27750867]
[0, 0, 0, 0, 0, 0, 0, 0]
[-39.17586531 -36.5977662  -38.64938573 -38.74607423 -38.8553308
 -35.8689296  -37.2764059  -36.35718068]
[0, 0, 0, 0, 0, 0, 0, 0]
[-38.57459894 -38.2565283  -39.38776695 -37.50089492 -37.67228446
 -37.8022758  -38.53806583 -38.19484168]
[0, 0, 0, 0, 0, 0, 0, 0]
[-39.79401523 -40.72833768 -40.26647155 -40.2894985  -39.57222836
 -40.12005187 -40.03728555 -39.68721259]
[-50.64124979 -49.88062708 -50.27536441 -50.57668517 -49.12901902
 -49.46275484 -48.78226156 -50.42840729]
[-49.86570656 -48.72501897 -50.18032785 -50.96661426 -49.4967593
 -48.68892766 -49.20212261 -49.63960782]
[-48.74694298 -49.52903737 -49.29650324 -49.28319985 -49.7126365
 -48.6665075  -48.41164424 -50.68387296]
[-48.5241567  -47.18281182 -48.93983869 -48.80741117 -48.6937278
 -49.95764407 -50.07716231 -49.78370614]
[-48.28770234 -48.61878752 -49.2706797  -48.1412876  -48.72512271
 -46.03768351 -48.77665841 -47.61221096]
[-58.77895235 -59.21071544 -58.90140761 -58.92399207 -58.64048707
 -59.4336215  -58.60450393 -58.91349864]
[-58.07490632 -57.5243499  -59.16379477 -58.15753669 -59.25447517
 -59.52707912 -60.68368465 -58.14549564]
[-60.36846795 -60.98926961 -62.55023852 -60.9532126  -60.69630461
 -60.90915473 -61.40590653 -59.18047634]
[-61.13236055 -61.04242156 -59.41364583 -61.27962001 -60.51721449
 -60.59148177 -61.16286972 -61.43481903]
[-55.86054511 -55.61474809 -57.27661936 -56.96137982 -55.59381414
 -55.4369397  -56.80325183 -56.89023441]
[-66.91922138 -68.36587571 -66.86592574 -67.63521874 -67.7296602
 -67.98952254 -66.59811218 -66.74037451]
[-68.1189463  -67.04086728 -68.03156931 -66.8008526  -67.50420112
 -65.7614006  -67.84519071 -65.95229733]
[-68.13020099 -68.96914513 -68.59290378 -68.61040022 -68.85714855
 -68.26224918 -69.60650316 -68.44537847]
[-72.19826971 -71.98703214 -71.56934086 -71.46331077 -71.0644189
 -72.45222616 -72.77087551 -72.45741781]
[-68.44174478 -68.32555653 -67.73058366 -68.26352505 -67.62711903
 -67.4112979  -69.05876103 -67.0937701 ]
[-78.65059406 -76.67136046 -77.59851839 -77.82337294 -77.06137637
 -77.70585426 -77.90705236 -78.84469502]
[-75.46162012 -74.72878492 -76.00681088 -74.25380358 -74.79112031
 -74.68793436 -73.85308278 -75.22616767]
[-76.53115311 -75.06884922 -75.04825044 -74.12137441 -73.22677337
 -74.89053481 -74.74922647 -75.39769607]
[-75.83762729 -77.03513599 -75.55244337 -75.86527537 -77.21148609
 -77.53267657 -75.80468545 -77.56929144]
[-75.47492585 -76.5965485  -76.48576698 -77.57489378 -76.18244379
 -76.73940705 -75.88658902 -76.93622435]
[-82.10013774 -83.68602721 -84.44221449 -84.74933925 -84.52281495
 -84.67108473 -83.55853221 -82.76732146]
[-83.73133268 -84.26159335 -85.04142186 -84.60900829 -83.53018248
 -83.95966782 -82.62233269 -84.47881438]
[-83.6060249  -84.69843453 -84.93487705 -86.57401353 -85.74834132
 -85.29675809 -85.82152675 -84.341701  ]
[-82.61761669 -82.2398051  -83.18444985 -81.97091987 -82.78247838
 -82.11695521 -81.34950625 -82.58028652]
[-83.07610311 -82.85123034 -82.81018249 -81.91981068 -82.62272715
 -82.1844947  -81.62041791 -82.71879739]
[-92.03313015 -93.0509721  -91.51943408 -92.70381087 -92.45281791
 -92.76028496 -91.90984965 -92.57876207]
[-93.83612824 -91.554696   -90.34097174 -91.30605763 -92.28177684
 -92.20149557 -91.08293017 -92.32946515]
[-91.06329092 -93.28669714 -90.87421128 -92.31723038 -91.13989593
 -92.24928981 -92.58876786 -91.29649965]
[-91.78141613 -92.2246968  -90.63804186 -94.43591441 -93.00808438
 -93.02138929 -93.02016472 -93.07371079]
[-94.30129615 -93.0134597  -93.21429441 -93.06484932 -94.01231019
 -94.90192382 -93.22263386 -94.56168404]
[-94.59760201 -94.39765433 -94.77175087 -95.37576365 -95.59382913
 -95.77202331 -94.33933017 -95.27517823]
[-98.20465286 -98.56743181 -97.5505236  -98.64025501 -97.82566712
 -97.25965628 -96.71329611 -99.12056438]
[-96.97466072 -96.59048425 -96.78269277 -95.95895545 -96.32841549
 -96.20153982 -96.77647129 -96.4897696 ]
[-98.00785999 -96.83858502 -97.59759578 -96.58928513 -96.74766545
 -97.03624862 -97.03921924 -96.97625886]
[ -98.66943945 -100.73718391  -99.66735841  -99.09898201  -99.56250469
 -100.95683265  -98.96724354 -100.25979533]
[-102.14879685 -102.2738981  -101.25573028 -100.33633864 -101.37766877
 -101.25165629 -101.23710265 -100.93883013]
[-95.59235981 -96.33212684 -97.15204537 -96.14161167 -96.85242542
 -96.0188776  -96.29341129 -97.43947151]
[ -98.84740083  -99.32384657  -98.72267699  -99.05979125 -100.472576
  -98.39664507  -99.63178101  -99.31687088]
[ -99.15920901  -98.23627261 -100.30942188  -98.06271402  -98.89866036
  -98.96406206  -98.32403115 -100.48717056]
[-96.5247527  -97.09433825 -96.1394548  -97.68423453 -98.19009973
 -95.97614743 -96.13154798 -96.61822582]
[-104.57345909 -106.01515199 -105.47139408 -105.76137975 -105.78926693
 -105.88618682 -105.89924734 -105.47854654]
[-104.3856598  -104.13976794 -105.24989366 -104.4476216  -105.1401606
 -103.61595655 -104.34325499 -105.22612432]
[-101.32681908 -101.85769377 -102.06789774 -103.66335642 -102.43671527
 -102.74214471 -101.38460839 -102.5740128 ]
[-107.08966663 -105.31852571 -105.54252019 -105.08195113 -105.07972562
 -107.0067362  -105.89534401 -105.40296779]
[-102.09937824 -102.66478713 -103.77466961 -104.46518897 -101.55307387
 -102.343316   -102.96816906 -104.2270295 ]
[-106.76696461 -106.93130048 -105.58489476 -106.4592611  -106.88569243
 -105.97133795 -107.13410159 -107.13316754]
[-109.28521926 -107.38084815 -107.35197405 -108.56558991 -109.52206734
 -107.16843077 -108.08918576 -108.97920093]
[-109.02148742 -109.48456705 -108.5511508  -108.53838017 -108.85949573
 -110.06932635 -109.03451262 -108.53636896]
[-108.17989725 -106.2914813  -106.20696527 -107.16350092 -110.42768665
 -108.2266304  -107.89593    -107.87134675]
[-110.47199671 -109.51939653 -111.12996522 -111.2046764  -111.99927893
 -111.16611779 -111.35530693 -112.2849823 ]
[-94.7672727  -95.26732507 -93.50777668 -94.35846339 -94.37809354
 -95.30367642 -92.86692226 -93.26047363]
[-95.22631825 -96.61584942 -94.72473999 -95.59086243 -95.2800091
 -94.77046986 -95.55556636 -94.84362613]
[-95.79280993 -94.10528494 -97.54578652 -97.06142034 -96.81014782
 -95.62101285 -97.69259454 -97.33928878]
[-94.25974581 -93.80301587 -94.61845833 -93.86264951 -93.55934681
 -96.76548127 -94.00082063 -93.22562608]
[-97.85738351 -97.99158508 -98.81437616 -97.28206558 -97.07869702
 -97.18637629 -98.28425348 -98.3347845 ]
[-106.40785032 -107.33369233 -107.36484599 -108.30059108 -105.63880758
 -107.03684552 -105.239182   -108.00166242]
[-107.06175289 -106.79718378 -107.99690141 -106.8836612  -108.0380701
 -107.34512002 -108.38245401 -107.13611163]
[-101.04536948 -102.49239422 -102.37041257 -102.27156041 -101.91057054
 -102.51665016 -102.69855821 -100.35768209]
[-105.22206256 -103.0290006  -102.5653867  -103.92164827 -104.22348518
 -102.01004941 -105.03168819 -103.79809907]
[-109.52043763 -108.46182172 -110.42335709 -109.58421097 -110.0417327
 -109.36734254 -109.29640966 -108.97925716]
