[0, 0, 0, 0, 0]
[-28.74940976 -28.62443518 -27.8520798  -28.78178268 -29.49805291]
[0, 0, 0, 0, 0]
[-26.10764383 -27.51899613 -27.0427979  -27.93986106 -28.59543117]
[0, 0, 0, 0, 0]
[-26.36634654 -25.96940066 -26.06461784 -24.95370496 -27.41183006]
[0, 0, 0, 0, 0]
[-25.84141782 -27.40910209 -25.75890877 -26.48042286 -28.03984088]
[0, 0, 0, 0, 0]
[-27.19879362 -25.98629891 -26.41768069 -26.03992708 -24.76526712]
[-26.75405648 -28.09314077 -26.68126605 -27.46123346 -25.60332449]
[-29.24540455 -28.69037659 -27.82058907 -28.18995999 -26.79703617]
[-26.39040002 -27.41444429 -26.28337817 -25.62593853 -27.18791532]
[-28.50050113 -28.04463446 -28.06322027 -28.28977699 -26.55228986]
[-27.8009047  -28.69392363 -27.0752219  -26.41491631 -27.21611917]
[-25.30135909 -27.29457836 -27.79498351 -26.383514   -26.33931788]
[-25.47075133 -25.56744505 -25.52952742 -26.15714147 -26.42617193]
[-27.08747549 -28.29377516 -27.71870221 -28.17565529 -29.176648  ]
[-26.41015492 -26.79373542 -28.47882314 -28.0393294  -26.5768193 ]
[-26.78847109 -27.58759278 -27.70048085 -27.79217854 -26.71009373]
[-28.15788226 -26.47624145 -25.57353671 -28.09814894 -26.80301131]
[-27.23042864 -26.27236755 -27.34662238 -26.97677645 -27.06693553]
[-27.08899595 -27.16861499 -25.82493927 -25.57658474 -26.21587949]
[-27.53710946 -25.60700937 -26.61044868 -26.1630845  -27.65699481]
[-28.7813158  -27.05314643 -28.0544951  -28.06807901 -28.30593615]
[-30.08167044 -28.67997326 -28.10357577 -29.6308214  -30.56228875]
[-26.3534954  -28.16771411 -27.77132293 -26.47922453 -27.94068056]
[-29.46100501 -27.28551705 -28.32040679 -27.74956514 -28.01951747]
[-26.00609292 -27.08251968 -27.02573221 -27.35154832 -26.2980467 ]
[-27.45882053 -26.31844025 -28.22265739 -24.82244094 -27.43147337]
