[0, 0, 0, 0, 0]
[-29.56675286 -29.10323431 -28.40988525 -28.76444123 -29.9273639 ]
[0, 0, 0, 0, 0]
[-26.5554288  -29.0242116  -27.71569438 -28.63596292 -28.96327579]
[0, 0, 0, 0, 0]
[-25.93084965 -25.77942531 -26.55321266 -25.05365718 -27.17861056]
[0, 0, 0, 0, 0]
[-26.15215666 -27.81641261 -26.07131896 -26.29869322 -28.52540616]
[0, 0, 0, 0, 0]
[-28.18700816 -27.87545342 -27.69352295 -27.52913221 -26.20203342]
[-28.24736652 -28.06640927 -26.97601267 -27.9459814  -26.85175465]
[-30.05890538 -29.50309305 -29.88974191 -29.26081078 -27.93113964]
[-28.05548103 -29.82573247 -28.17811783 -27.72124118 -29.16527391]
[-29.04075665 -28.63771265 -29.88329305 -29.54560825 -27.54096101]
[-28.13815029 -29.6351238  -28.13213031 -27.44769046 -28.17446121]
[-28.72615785 -28.57553549 -29.15638543 -28.86497744 -29.41822913]
[-28.54700442 -31.32373126 -29.46012502 -28.63555196 -28.03415263]
[-30.08879249 -30.83457867 -31.05907751 -30.16497164 -30.1968148 ]
[-29.82741478 -29.36523244 -29.37451447 -30.41477663 -28.27932668]
[-30.05918594 -29.47230633 -31.1963723  -29.68534057 -28.06097968]
[-30.40179767 -30.35016567 -28.41360558 -29.79980003 -29.38422334]
[-31.25226558 -29.48060794 -30.86452519 -30.7719632  -30.14474724]
[-29.8517947  -30.30783866 -29.34027793 -30.74688644 -29.96133479]
[-30.89459737 -30.66945734 -29.38986733 -28.97851057 -28.98736263]
[-29.42713805 -28.77570563 -29.49112715 -30.04417119 -31.09969925]
[-31.87505427 -31.50288172 -31.21430717 -32.38495256 -32.90175383]
[-31.60896339 -31.49785323 -32.50943319 -30.35451826 -30.26286033]
[-32.26885023 -32.27453194 -31.78259912 -32.06227801 -31.56748056]
[-32.39591114 -29.41668695 -31.23881761 -31.83796631 -30.90923626]
[-32.99396372 -29.5618538  -31.26775299 -30.5168987  -30.73170773]
[-34.92822622 -34.15168254 -34.8916957  -32.29948516 -34.15342763]
[-31.30375063 -32.10600717 -31.78078634 -32.36427022 -32.25030756]
[-32.16401621 -32.58745374 -32.52071551 -32.77031157 -32.5440255 ]
[-33.63159493 -32.38817215 -32.88606487 -33.88495645 -32.87911422]
[-32.60758116 -30.98199784 -31.68068272 -33.45705051 -32.6919652 ]
[-34.62580388 -32.79929607 -32.66679406 -32.56081833 -34.74699162]
[-31.89466554 -32.60837985 -30.86354796 -32.95778884 -32.74694821]
[-33.09429821 -34.09648503 -33.70517027 -32.93221293 -32.88819781]
[-31.93713776 -33.18053662 -34.75203173 -31.97770513 -34.34758952]
[-34.92838124 -34.44109581 -31.63162341 -33.18788046 -31.73106774]
[-33.97008846 -32.89545444 -35.04590608 -33.03227319 -33.47549654]
[-33.15937042 -35.68439422 -35.71047097 -35.18672893 -33.81275184]
[-35.84948358 -33.68654313 -35.23119263 -32.67177641 -36.11494647]
[-32.79259833 -33.62770529 -34.53255785 -32.81494374 -33.2237691 ]
[-34.05750363 -32.06921672 -32.63187417 -34.82860241 -34.25460523]
[-37.22849709 -34.70640591 -34.0054047  -36.38681    -36.85272712]
[-36.95990067 -35.37697996 -36.31736433 -35.88624011 -36.81565506]
[-36.25430329 -36.88972771 -37.19021905 -36.11386421 -37.43089283]
[-34.92794486 -35.38724805 -35.04354174 -35.10734668 -35.04286624]
[-34.81850088 -36.09750561 -34.45813042 -35.21067478 -35.80933066]
[-35.00332967 -35.14346693 -33.97454746 -34.75903789 -35.61233393]
[-34.99538993 -35.17547401 -36.01677012 -36.61717782 -36.33116022]
[-35.58093916 -36.09578212 -33.53584126 -34.85461462 -36.80734848]
[-34.91748318 -36.31877045 -34.98346742 -37.04902094 -36.41094958]
[-34.50635487 -35.22783982 -33.74134855 -35.76560825 -33.52978438]
[-106.79226101 -104.67161514 -105.39729425 -105.8395518  -104.26317741]
[-106.16966209 -104.03777787 -105.60620304 -107.87285156 -106.64625108]
[-107.04074856 -106.11762021 -103.32297814 -104.95574385 -103.46379426]
[-103.98346784 -104.01190339 -102.127457   -103.14736526 -103.47513178]
[-106.88434455 -107.95104796 -105.30681548 -106.1184069  -105.85621496]
[-107.63584104 -108.96315831 -109.84697943 -107.16277766 -108.65124284]
[-106.79931129 -109.87678496 -107.77126684 -109.69705081 -109.4006247 ]
[-107.00432259 -107.86712743 -106.41169986 -106.92145682 -106.69162468]
[-108.07395822 -106.88401964 -107.75083323 -107.35235539 -109.18609154]
[-106.64243732 -107.78544773 -106.68587017 -108.99995076 -108.09092638]
[-33.39205312 -35.43495255 -33.05178783 -33.14661319 -33.76816169]
[-33.63469773 -33.74410376 -34.99780059 -33.36885653 -34.26747053]
[-32.83407319 -33.47673772 -35.36899554 -33.95538684 -32.62230595]
[-33.9921733  -35.64003019 -34.4273291  -35.87106516 -31.71415774]
[-36.29826483 -32.82950448 -34.20535265 -34.79930931 -36.88427108]
[-35.62460998 -34.02057937 -34.27014957 -34.53406813 -35.46856364]
[-32.10439031 -36.53351571 -34.8908453  -34.3439277  -34.00549152]
[-34.16950134 -34.66514294 -32.98006654 -32.99464212 -35.60503275]
[-33.08189131 -33.94293937 -35.29616939 -33.86417324 -33.18247373]
[-32.47023537 -33.94292489 -33.90218188 -36.48625686 -33.30879373]
[-35.62662946 -33.21287945 -36.24457466 -35.23064769 -34.28498735]
[-36.44215028 -34.97249965 -34.94362329 -34.79464844 -34.38271911]
[-34.93327171 -36.24473019 -35.45735569 -35.92806924 -34.96262912]
[-35.94075526 -36.85939632 -33.5813918  -36.74130824 -34.84194279]
[-36.99047865 -36.18176186 -35.17447463 -33.54485709 -33.60730708]
[-112.23406806 -109.34631339 -110.44604148 -109.94619896 -110.99385645]
[-113.60761378 -111.7850257  -111.47202425 -112.19766479 -112.53243774]
[-109.90385409 -110.93802276 -109.76448349 -110.64046378 -108.76034051]
[-109.4056828  -110.50478651 -109.47806349 -109.95291295 -111.93728231]
[-112.23994157 -110.09926503 -110.47341845 -111.96864185 -113.22385772]
[-34.93286139 -32.66147447 -34.19882302 -32.08370808 -35.80431632]
[-35.68984186 -34.01274476 -33.78087229 -34.20110265 -32.36784523]
[-34.53112944 -34.31335452 -35.7711916  -33.39454855 -33.25583479]
[-33.52976497 -34.28938798 -33.6253005  -33.15644915 -32.52286139]
[-33.5903653  -32.54650021 -35.445258   -33.52842732 -35.59508345]
[-32.49362074 -37.13275425 -34.71608729 -35.41434165 -33.77041544]
[-33.93793357 -32.91716723 -34.2021209  -33.76575348 -35.71730601]
[-34.03194184 -33.90598244 -35.01887211 -34.36447139 -34.34742381]
[-35.59048385 -36.05349125 -34.93865594 -32.81531858 -33.62124067]
[-34.79062282 -34.23433475 -35.05536715 -32.78751126 -35.50653489]
[-33.86555083 -32.98625227 -33.36228302 -36.30651582 -35.14678287]
[-32.58659868 -35.90775127 -35.1416261  -35.36912626 -35.75151099]
[-36.10076487 -35.44041731 -35.72885937 -34.04397838 -34.60674063]
[-33.57002204 -34.83434996 -35.20425625 -33.16431716 -32.56043195]
[-34.57141926 -33.17285005 -32.72157891 -34.08558464 -34.79002411]
[-32.80150439 -34.82681809 -36.44419037 -33.96054297 -33.27168674]
[-34.99163338 -35.37406631 -32.92172302 -31.13929009 -34.32090503]
[-34.03868002 -35.16468064 -34.7913992  -32.98257896 -32.77181707]
[-33.71447879 -37.08140732 -34.4594185  -33.97133125 -35.32217476]
[-36.32923222 -35.16488922 -33.26660104 -32.88065331 -33.28853229]
[-36.71863362 -36.72958872 -32.36321711 -36.30571324 -36.89542061]
[-32.64045602 -31.47824505 -32.72897034 -34.50876014 -34.33792166]
[-36.35903553 -33.32137293 -34.50023406 -33.76639558 -36.05757396]
[-32.76116424 -35.11434702 -34.60906752 -34.36778517 -32.5848394 ]
[-31.96906803 -35.14433659 -36.56244575 -32.68492942 -35.77160338]
