[0, 0, 0, 0, 0]
[-28.36974036 -28.73179809 -27.59753989 -28.4304002  -29.0646517 ]
[0, 0, 0, 0, 0]
[-26.96076952 -28.75903864 -28.36686838 -28.95484238 -28.81442055]
[0, 0, 0, 0, 0]
[-25.8346903  -26.00963023 -26.04865542 -24.1647961  -26.7086733 ]
[0, 0, 0, 0, 0]
[-25.66198133 -27.53047924 -25.12205988 -26.13215256 -28.58512994]
[0, 0, 0, 0, 0]
[-27.87232986 -26.72033904 -27.08824145 -27.23379423 -25.30516283]
[-29.60782573 -29.12161787 -28.42488294 -29.45098569 -28.01420935]
[-30.48058762 -29.0158903  -29.0084134  -29.59462641 -28.32788132]
[-27.82556946 -28.99901206 -28.69545377 -27.94674368 -29.11356264]
[-29.64328496 -27.89870142 -29.65701828 -29.30390787 -28.10943448]
[-28.62489318 -29.00808251 -27.90519047 -27.49072142 -28.56510906]
[-28.36881487 -29.18766422 -28.21925758 -28.43876634 -28.69825485]
[-29.05818255 -30.76245839 -29.91433312 -29.54773291 -29.54363135]
[-29.58996215 -31.16178397 -30.92204569 -30.23855567 -30.18652583]
[-29.62667553 -29.08201062 -29.69487665 -30.15234321 -28.10857314]
[-30.07808936 -28.85870107 -30.48848491 -28.84349605 -27.31391974]
[-31.18843661 -31.42865297 -28.73415702 -30.89968759 -30.3086406 ]
[-31.3329576  -28.39323354 -31.06355943 -30.1385479  -29.13154194]
[-30.05768743 -30.83212333 -28.23916553 -30.74045902 -29.08064765]
[-30.02897983 -31.31015105 -29.26853859 -30.40252126 -29.38144915]
[-29.8904415  -29.3061157  -29.71983525 -30.50523558 -31.12038243]
[-32.48509284 -32.2580479  -31.47454712 -33.61723798 -34.10071808]
[-32.28905528 -29.14229144 -31.68582082 -30.11682496 -30.27574293]
[-31.49032146 -30.69956946 -31.77722555 -32.41193968 -31.24941443]
[-32.77577353 -30.09734083 -31.11511719 -32.44719851 -30.79558182]
[-31.62092867 -30.89802795 -31.95818826 -31.01211634 -30.77885279]
[-33.77226578 -33.21068658 -33.90628587 -32.57526644 -33.3118712 ]
[-30.5379345  -32.63560076 -30.2687754  -34.15452102 -32.46715328]
[-32.96242212 -32.45317626 -32.79363938 -32.40129441 -32.96278561]
[-33.079951   -31.90186634 -34.15455978 -33.36915311 -32.68318626]
[-33.43006797 -31.07916472 -31.9623418  -32.87654088 -32.65431213]
[-106.00919041 -105.53614165 -105.40798819 -105.93752798 -106.15046979]
[-107.15378645 -106.84067834 -106.86453536 -108.35235849 -107.64143009]
[-106.34525336 -107.00236015 -106.20799844 -106.17487442 -106.26568106]
[-105.38733803 -105.97283769 -105.99494178 -105.4164892  -106.01344775]
[-108.7483711  -108.81765344 -107.77160566 -108.30775145 -108.2952214 ]
[-33.55132374 -33.41491104 -35.82949771 -33.54229695 -33.93472848]
[-34.3844494  -36.40872132 -35.10654381 -35.31472149 -35.02526928]
[-34.94868998 -33.8022897  -34.93229385 -32.51889995 -34.32945176]
[-32.78518119 -34.88711706 -35.3027617  -33.27299493 -34.65709023]
[-34.29841868 -33.22672819 -32.56198498 -33.71176589 -35.26278411]
[-133.152543   -132.90760259 -133.21994463 -133.75129203 -133.60052554]
[-135.55147822 -136.40659761 -136.21182515 -136.39925852 -136.00922489]
[-136.68691835 -138.375734   -137.1668485  -137.52105531 -137.27062454]
[-135.45685606 -134.90527488 -134.91461452 -134.89970627 -135.21307531]
[-134.53930803 -133.9957091  -134.36573605 -134.65664425 -133.93546334]
[-36.91332262 -36.68803971 -36.21728367 -35.40337838 -37.25065439]
[-36.92912402 -37.31631707 -37.02379071 -38.13152919 -37.32710964]
[-36.78242673 -37.32815056 -35.86848193 -35.88261056 -37.49769894]
[-36.3811729  -37.5077367  -36.73885803 -37.07730097 -37.05351348]
[-37.26475067 -37.53133432 -36.86859215 -36.96323054 -36.04204791]
[-35.99117322 -34.26476732 -34.80046988 -35.71223941 -33.81719084]
[-34.28130955 -33.04449909 -33.26440873 -35.96026301 -34.88065746]
[-35.26358444 -34.8288314  -33.51237376 -34.83311103 -32.46218924]
[-34.39874334 -34.41275238 -32.39167289 -34.21968267 -33.7380138 ]
[-35.73253795 -36.83578761 -34.48716003 -34.87008301 -35.60307566]
[-168.50017742 -168.58687062 -168.68512208 -168.31847675 -168.6288803 ]
[-172.4820702  -172.76555284 -172.77308786 -172.78140899 -172.65638398]
[-165.78224102 -165.63516661 -165.51556069 -165.6289032  -165.53436973]
[-167.3286793  -167.38376009 -167.4132068  -167.66527154 -167.57691932]
[-168.21323928 -168.35236216 -168.5045269  -168.65060438 -168.15663846]
[-33.37748751 -36.54109851 -32.27176583 -33.94581727 -34.51748913]
[-33.32879015 -33.33096438 -34.30663571 -33.37368321 -35.03106085]
[-32.31822672 -33.58675885 -34.54698515 -32.2467292  -33.54737647]
[-33.08677978 -36.13862235 -33.4703812  -35.72323694 -31.75849558]
[-36.23445439 -32.37233868 -33.97522484 -33.61551088 -36.59774979]
[-167.92514796 -167.84057362 -167.8261612  -167.84166317 -167.9659074 ]
[-169.50755114 -169.6604186  -169.62094147 -169.75667191 -169.77458361]
[-168.58868811 -168.50664551 -168.65537398 -168.48237169 -168.58590349]
[-164.14266854 -164.37106877 -164.28130008 -164.15346564 -164.23306856]
[-167.10918832 -167.72171882 -167.39597831 -167.29649755 -167.29158397]
[-168.12354111 -168.02388921 -168.08269677 -168.0725525  -167.94537887]
[-169.25250731 -169.34878648 -169.18995489 -168.98990245 -169.34348153]
[-170.8816685  -170.97862859 -170.65805042 -170.74018826 -170.73301379]
[-170.70973113 -171.04457207 -170.68816882 -170.98945906 -170.74191193]
[-168.71503783 -168.67160511 -168.82418208 -168.39126183 -168.34727673]
[-168.73161055 -168.60530994 -168.69035439 -168.67546735 -168.71186468]
[-168.80829068 -168.17630707 -167.870858   -168.22637394 -168.2307344 ]
[-169.73470102 -169.7585693  -169.73415804 -169.91946219 -169.62501843]
[-171.20376892 -170.97747858 -171.14058873 -171.05123466 -171.1063651 ]
[-171.38255889 -171.50966859 -171.5006186  -171.50771202 -171.58232887]
[-165.98448172 -165.80624371 -165.95385325 -165.74625449 -165.88240941]
[-165.28351027 -165.24407187 -165.21192098 -165.305814   -165.27818229]
[-169.66535488 -169.68789706 -169.59672532 -169.63986648 -169.74195007]
[-165.04082614 -165.27558161 -165.46709254 -165.23984414 -165.23487879]
[-168.13180629 -168.12921257 -168.20345606 -168.41944043 -168.25934943]
[-169.12370213 -169.12761378 -169.13758591 -169.0570913  -169.09326279]
[-165.80014452 -165.90788715 -166.00998215 -165.75188665 -165.79854426]
[-168.26810716 -168.26520433 -168.34115254 -167.99405771 -168.22447044]
[-167.92502023 -167.64457497 -167.54316212 -167.6931274  -167.84356891]
[-172.39478758 -172.19155742 -172.36453271 -172.15269112 -172.32653306]
[-169.27189685 -169.36933177 -169.44049847 -169.44628722 -169.20171999]
[-171.62268116 -171.65756795 -171.64273576 -171.36951823 -171.69470232]
[-173.75968421 -173.91677353 -173.91423081 -173.8820465  -173.74524342]
[-167.25655798 -167.39248086 -167.20940058 -167.35182986 -167.22951987]
[-165.2574954  -165.37511605 -165.42111565 -165.50247154 -165.61439005]
[-167.6297468  -167.45301714 -167.36845585 -167.26181263 -167.24684984]
[-168.35231851 -168.62419889 -168.44563413 -168.58875229 -168.36517893]
[-167.1234697  -167.31368825 -167.42025433 -167.60151697 -167.35850237]
[-168.46426667 -168.47264611 -168.3651085  -168.51121143 -168.44336983]
[-168.735612   -168.78262323 -168.68681599 -168.57617095 -168.87273941]
[-49.71901955 -49.23007998 -46.60307835 -49.78400302 -48.82629807]
[-43.83759729 -44.09556787 -44.28531936 -44.54748159 -44.33774392]
[-47.41423191 -45.19814167 -47.06849197 -46.9509692  -48.63099319]
[-45.02851122 -46.12454098 -45.92484972 -44.50730966 -44.55739042]
[-45.26939689 -47.56315077 -48.04986656 -45.66187221 -48.00721727]
[-38.49399142 -37.6127361  -38.71742487 -38.25564812 -39.13203467]
[-38.21720897 -37.0170447  -37.99505539 -38.45286136 -38.06540478]
[-37.71947677 -38.0330164  -37.20917215 -38.66841448 -37.4948035 ]
[-38.40367447 -37.91136072 -38.24520901 -37.78289408 -37.99208445]
[-38.18698485 -37.91477955 -37.76599365 -37.79984669 -38.68102788]
[-37.66370696 -37.63696189 -38.7084469  -38.05785836 -37.993776  ]
[-38.74860097 -38.37297856 -38.28299598 -38.17758984 -38.43903655]
[-39.17127827 -40.04143504 -38.82377834 -38.34376849 -38.22756052]
[-37.2496752  -38.21861804 -38.14060391 -38.00127015 -37.93501356]
[-39.13642946 -38.10267102 -37.83770951 -38.96827661 -37.82405343]
[-38.40220647 -38.82911767 -38.20688646 -37.27924833 -38.23758733]
[-37.67169161 -37.21341454 -37.54972625 -38.06973229 -37.7563095 ]
[-37.87106608 -38.79287126 -37.62215637 -37.68989175 -37.87340834]
[-37.83744335 -38.48640607 -38.93561128 -38.04337196 -38.36490509]
[-39.18834909 -37.35260399 -38.1694824  -39.68824941 -38.03695852]
[-35.41091974 -33.66143369 -33.97952684 -33.86506716 -34.46914865]
[-34.25309801 -35.15737004 -34.80985364 -33.56223951 -33.44348718]
[-35.78285893 -32.48451947 -32.68958923 -34.24791849 -35.2995494 ]
[-36.07651876 -33.81083006 -35.8748825  -35.54612482 -35.47275998]
[-32.64600992 -36.1848336  -34.44956734 -32.04230536 -34.65226389]
[-36.62457199 -33.43024481 -34.91184911 -35.51745333 -33.12574726]
[-33.77021182 -32.22358917 -36.46154823 -34.83263665 -32.80782724]
[-35.69918649 -34.42502537 -34.48306818 -34.01107015 -34.17872187]
[-33.50133942 -34.40904837 -31.95118844 -32.74351547 -35.23766829]
[-34.95906582 -34.93279521 -34.25248088 -34.95293918 -33.45290262]
[-35.48278158 -35.33135037 -32.17649553 -35.740245   -35.94423296]
[-33.59347494 -33.99998399 -35.24483518 -34.51470721 -33.17007637]
[-35.61519249 -34.88304122 -35.94706536 -34.81851025 -35.31155167]
[-33.46216999 -32.94702852 -35.40010741 -35.80543477 -34.59384016]
[-34.30381642 -34.81808773 -33.32986668 -34.19197207 -35.39075602]
[-32.61358184 -34.96633162 -34.80319999 -34.95711856 -35.38945842]
[-34.24158101 -35.22757276 -34.75393321 -33.54696064 -33.87069938]
[-35.51548272 -35.39870466 -32.46423172 -35.65490882 -33.27753401]
[-36.39301487 -33.19156776 -33.88578791 -33.45452205 -36.06565471]
[-35.69116157 -32.96374981 -34.10163302 -33.40421313 -34.75887999]
[-33.35646757 -33.54838838 -34.87252533 -35.68274818 -33.71514319]
[-35.52794947 -32.46999665 -35.02224951 -36.28831916 -35.81155138]
[-35.15770698 -33.13980574 -35.76022368 -35.82265877 -33.13065567]
[-34.05891533 -32.93309864 -33.27024863 -33.3232919  -32.86173122]
[-34.39130743 -35.80901932 -32.88220671 -34.84683723 -32.62702663]
[-35.02691293 -35.94278816 -35.27301645 -33.56517611 -35.61163419]
[-33.77795739 -35.57670737 -35.55360647 -36.81276058 -35.67888709]
[-34.80556243 -35.97424626 -35.78484444 -31.5794506  -33.16174513]
[-34.26781543 -33.88658189 -33.04000132 -33.37648053 -34.74376164]
[-35.89808877 -33.88401703 -34.95682439 -35.43790083 -35.49981809]
[-35.84192906 -33.27271747 -32.12287878 -34.76399916 -33.05493843]
[-34.05107347 -33.82963286 -33.21316404 -35.02920028 -33.5822596 ]
[-34.01310406 -35.6111608  -34.68847532 -34.49514339 -34.72539911]
[-34.06062264 -35.8020954  -33.38125117 -35.40894996 -33.40752629]
[-35.71477309 -34.57892018 -34.54625447 -32.72723234 -32.33072331]
[-35.70601172 -33.15362999 -33.52827765 -33.4335599  -34.68816023]
[-34.38369699 -32.80639592 -35.2513905  -35.1095679  -34.56573715]
[-34.45505261 -35.6641894  -36.81616008 -35.74760658 -36.12307724]
[-35.33485651 -35.27007828 -33.75843855 -34.83805143 -34.81080013]
[-34.38644063 -33.54627103 -32.98027891 -36.15564528 -32.53395298]
[-32.99927208 -36.28182664 -35.70261708 -35.46547643 -36.36577507]
[-32.78383825 -34.53954239 -36.58506079 -33.62129316 -35.48114561]
[-34.19948157 -32.18466976 -34.21764387 -34.730319   -34.01414209]
[-34.80202582 -35.35591231 -34.35281325 -33.30413215 -33.98335081]
[-33.2045021  -33.43138476 -32.50659317 -34.27084466 -35.52597977]
[-33.58035429 -35.24964859 -33.26011251 -34.17903137 -36.34868751]
[-35.86003377 -33.51025932 -31.60657127 -36.33219004 -35.2057199 ]
[-35.79574317 -33.92498219 -34.72468086 -34.43119586 -36.01263173]
[-33.31789275 -34.9824794  -32.41638115 -34.5659483  -34.85699178]
[-32.36197266 -32.38036196 -34.49913374 -34.51889695 -33.28770603]
[-33.99204601 -34.99830447 -35.63176302 -33.48904542 -32.58165691]
[-33.22466942 -35.32372279 -33.30623806 -36.01232221 -33.252374  ]
[-34.08123636 -36.56659617 -32.76828131 -32.94301087 -35.74151944]
[-35.66641278 -33.96003768 -33.07740819 -34.92499312 -34.33441353]
[-35.54161706 -33.60057903 -35.02695637 -35.02126775 -34.88261029]
[-34.58266641 -36.12098798 -33.77143845 -35.20535354 -34.2946681 ]
[-33.05452688 -33.40018901 -34.75950061 -35.53896813 -31.84852468]
[-33.90683397 -33.23692804 -34.61970418 -36.13045839 -37.3403001 ]
[-33.63457635 -35.15948838 -35.53078544 -34.05453526 -34.02297799]
[-33.28001139 -35.96105435 -34.82112448 -35.9677496  -32.78176999]
[-33.76242524 -33.39392818 -35.97214434 -33.98529895 -32.24887402]
[-35.05433279 -33.9708532  -34.34116473 -35.73309155 -34.04261656]
[-34.89926891 -35.42967689 -35.10820287 -33.29502446 -32.87726571]
[-34.04268821 -34.53431316 -33.65360625 -34.03467876 -35.03526494]
[-35.06676442 -34.29364321 -35.93090557 -33.50224721 -34.37764141]
[-34.75865383 -33.58470095 -34.28453584 -35.19710744 -37.19426878]
[-35.95031086 -36.07150381 -34.89777993 -35.79048984 -34.90258865]
[-36.44685588 -36.71907728 -35.61138071 -37.20138022 -35.7588997 ]
[-35.94490221 -34.90245804 -35.61545827 -36.04494304 -35.98191481]
[-35.68001318 -36.17802934 -36.55498858 -34.27881602 -35.51464007]
[-34.68846434 -34.80092441 -34.52582199 -34.99333529 -36.3761719 ]
[-33.25637984 -34.60838021 -34.88973252 -32.63479215 -35.49483767]
[-35.81686445 -35.91508317 -36.36995735 -34.83024591 -34.94924587]
[-34.75144375 -36.73552341 -33.80986207 -34.08765612 -35.70814826]
[-35.18965627 -35.15645813 -34.41191353 -33.92799108 -34.03251678]
[-35.38701542 -34.59637763 -32.20970679 -32.19805096 -31.33947527]
[-33.34552483 -34.41902458 -34.56900431 -34.24953917 -34.4949539 ]
[-34.5664304  -36.19986215 -34.19192505 -33.34813253 -32.88376303]
[-34.93036576 -36.71776457 -36.36208581 -33.4960536  -33.1608707 ]
[-35.7565245  -33.16020102 -35.56533285 -34.41911044 -36.79176085]
[-32.4692215  -36.07842361 -33.59812452 -36.18074104 -33.39942968]
[-34.25454744 -34.79533379 -36.4876189  -36.76246491 -34.35949816]
[-35.37450237 -35.35829012 -36.27135562 -36.39552905 -34.79529078]
[-35.14635813 -36.30779693 -34.99679188 -34.44186185 -34.34962815]
[-33.14678544 -34.34861162 -35.07958559 -32.53878419 -33.8761147 ]
[-32.27090242 -33.62459866 -33.33532213 -34.50469157 -36.05704613]
[-34.30247563 -33.28878324 -34.88583556 -36.58238462 -33.53188369]
[-35.65910382 -33.47890372 -33.84668432 -36.56373087 -34.43153605]
[-34.86868049 -35.13447557 -35.63812549 -35.22882499 -34.64634744]
[-33.30135658 -35.60304586 -35.89866331 -35.35185047 -34.16720075]
[-32.84507219 -35.20045838 -33.23946438 -34.38880238 -36.35770061]
[-35.59236363 -34.28088225 -34.70316909 -35.49541829 -33.58637983]
[-33.44192266 -34.30986328 -32.19676554 -33.58839085 -32.15584656]
[-34.17946977 -34.62037912 -33.41672562 -33.28912233 -35.13645374]
[-36.59490708 -35.23253465 -32.78078948 -34.69386119 -33.3649134 ]
[-35.21958033 -37.10451013 -34.94549327 -36.3717502  -32.51641289]
[-36.06084241 -34.02070797 -35.65141482 -34.36097862 -33.63409371]
[-35.1808882  -33.16205653 -32.17358219 -33.30182633 -35.96960413]
[-33.54770035 -34.01013532 -34.64809847 -34.51956524 -33.63207232]
[-35.69962494 -36.43612909 -35.62353091 -34.36847162 -34.96079381]
[-33.69093666 -34.71511277 -32.01958433 -34.27735734 -33.09558062]
[-35.18948822 -33.06195368 -35.43001836 -35.64342235 -36.72046624]
[-33.66146908 -34.45598122 -34.82400765 -35.38066023 -36.15875234]
[-34.71545844 -33.1630505  -32.88505822 -34.20294673 -33.91761238]
[-35.41516199 -36.90573508 -34.08042101 -33.09562825 -35.22229682]
[-35.37425085 -33.01931693 -33.94816704 -33.9187844  -33.09927911]
[-33.97694312 -32.78246521 -34.71475414 -35.14393044 -35.49646263]
[-36.25759839 -35.22536209 -33.01133382 -35.16823913 -33.42072441]
[-35.53850823 -32.99266843 -33.88338381 -32.94359063 -34.92717013]
[-34.40139487 -33.93175659 -34.18998686 -34.46961054 -31.89853403]
[-33.71457749 -36.11007144 -34.39834597 -34.61122758 -35.28196752]
[-34.42779072 -34.95906623 -35.81664234 -33.41860037 -33.71560689]
[-35.89046429 -34.48725942 -33.12620042 -35.86908644 -35.71940236]
[-36.92657641 -34.52800845 -36.10935807 -35.30497284 -34.04087346]
[-33.59979777 -34.27842244 -33.76441125 -34.21308394 -34.8334555 ]
[-34.78921768 -36.71703439 -33.32721263 -34.62825308 -33.17548886]
[-33.96040601 -36.28075815 -32.85796782 -35.95757004 -34.85255824]
[-34.28615754 -36.33218806 -35.63018089 -36.22194598 -33.49820236]
[-33.98753977 -33.73529356 -34.06047031 -32.07116612 -34.32744312]
[-35.39625596 -35.12679658 -35.3661447  -32.00428725 -33.75730995]
[-1.90542034 -0.96077586 -2.14931531 -0.81193926 -1.95399994]
[-1.06102734 -1.09288666 -1.25592905 -0.57226538 -2.0474828 ]
[-1.8121309  -1.40549488 -1.34796642 -1.91633005 -1.04760846]
[-1.44406081 -1.50166575 -1.80287596 -2.22502638 -2.16212664]
[-1.37519273 -0.77467902 -0.8939248  -2.36834179 -0.58403606]
[-35.35168186 -33.17379905 -36.18706798 -35.00817765 -32.44706809]
[-35.65805293 -35.59511883 -35.13770473 -33.34566207 -34.97911497]
[-34.01726321 -34.63370248 -33.27123398 -34.58006267 -33.64271021]
[-37.05283674 -35.75847825 -35.45142838 -33.40669435 -35.00963533]
[-32.02793694 -34.24912931 -33.0098603  -34.0612787  -34.90304367]
[0, 0, 0, 0, 0]
[-32.29449980274052, -36.5199771326986, -35.600373026680735, -34.51080111207725, -35.72712303582754]
[-34.43204392144448, -34.01235706158279, -33.80835492721546, -35.48812375860953, -33.74884624567349]
[-31.97964898589804, -32.96227693941419, -32.781410188389955, -33.193581235634504, -33.73781548610427]
[-32.66277932049138, -32.92446606412875, -35.97588245678349, -34.86950039121722, -34.79703705716096]
[-36.88146856283536, -31.551749108949178, -34.20064687497108, -33.54796934255114, -33.36679636027044]
[-34.236302931187, -34.434594285356944, -34.89367668493908, -32.83503961275698, -33.47082873696267]
[-32.66894006349451, -35.90073323995872, -35.444736488859256, -35.9815265046698, -36.797632670450845]
[-35.35980243360948, -36.25726400442695, -33.610418651160415, -32.76345422198298, -35.46334114720131]
[-35.861034605303345, -35.18866971341567, -32.76959426999436, -35.04959229970241, -32.201818673215364]
[-34.56215665233472, -33.19502805484742, -33.29056839062811, -33.718183310466024, -35.752968951883986]
[-33.34982393 -36.75757044 -35.088944   -33.91487216 -32.9652625 ]
[-32.80042507 -31.71115178 -33.54634074 -35.10446979 -35.23067095]
[-32.43569868 -33.30051166 -35.57561837 -33.42827757 -36.25216104]
[-32.8604786  -35.60568919 -34.70523668 -34.57471744 -33.05922782]
[-35.90016473 -34.71681829 -34.76494147 -34.45515416 -35.4552753 ]
[-35.69989902 -35.19763003 -33.1720929  -34.28606472 -32.65591566]
[-33.76187064 -31.54340816 -37.2596923  -35.44925117 -35.46509393]
[-35.02549898 -33.69860588 -33.5693401  -33.9002605  -33.23111385]
[-35.22608251 -33.55501121 -36.35848314 -33.71083689 -33.98115065]
[-35.15949788 -34.61619124 -35.47412424 -34.30009009 -32.8271482 ]
[-36.29020101 -32.90420066 -33.73664339 -34.05106316 -32.66057463]
[-33.11327966 -35.51416858 -35.74792494 -34.68103967 -34.20706722]
[-34.69511802 -35.90661208 -34.87874171 -34.96340487 -35.17768854]
[-33.75198643 -33.05945248 -33.62608807 -35.87826006 -33.80669321]
[-33.61132611 -33.56149437 -33.28553218 -33.41843386 -32.39476385]
[-35.11098324 -34.68506267 -33.53940787 -34.22878253 -35.68014814]
[-34.0317038  -34.91433711 -32.48262356 -35.67910029 -35.63253269]
[-33.92767007 -35.87270922 -35.7609797  -36.14254411 -32.9655576 ]
[-35.21410995 -36.14508112 -34.3125695  -32.31610705 -35.80056534]
[-33.2620425  -32.62923276 -35.1469175  -35.97102011 -34.74130028]
[-35.92982838 -34.79880349 -33.55039203 -33.14810304 -32.70869136]
[-35.8468573  -33.72961089 -34.52605893 -34.12538502 -34.11590816]
[-35.94628469 -36.10994778 -35.66497375 -35.43740973 -35.45231687]
[-33.947234   -33.75692138 -32.1800134  -35.25484881 -31.61531439]
[-34.44641227 -34.24812253 -36.03840442 -35.12609425 -33.48380501]
[-33.15980359 -32.60365157 -33.36040511 -34.49291429 -36.37661119]
[-34.17884432 -33.22173807 -33.58975704 -34.03744469 -33.75625852]
[-35.12270281 -35.3191428  -32.319374   -34.43472103 -34.10275062]
[-35.15112652 -36.20599995 -36.28914166 -35.18114375 -34.42137646]
[-37.07663623 -35.38779445 -33.52207612 -33.26077862 -33.25402621]
[-34.8082078  -35.43406817 -33.65021735 -36.06332739 -32.6382803 ]
[-34.0847522  -35.90763982 -34.00653986 -33.25155631 -33.94270453]
[-33.5571192  -33.10379561 -35.46926129 -32.56711304 -32.90136144]
[-34.70931774 -33.23499574 -33.73609102 -34.34377293 -35.06671192]
[-35.87081127 -36.30172185 -35.15169802 -34.9685084  -33.41334795]
[-20.07779324 -20.27081851 -17.8905129  -19.44227501 -19.16127988]
[-19.33127514 -21.7096897  -19.21917656 -19.8169405  -19.99394124]
[-20.70895672 -20.06378469 -18.76550608 -19.30704759 -20.94773587]
[-18.25927573 -19.79753582 -20.67876966 -20.45509105 -20.35940865]
[-20.01355051 -18.70206823 -18.98702367 -20.93482549 -19.23447714]
[-34.48312794 -35.50470338 -36.07085221 -33.54152039 -35.83610838]
[-35.28680205 -33.2837254  -34.02880502 -33.98687752 -34.91994156]
[-34.68936164 -34.67891913 -35.992055   -34.98987772 -34.37175802]
[-36.26150288 -32.9635007  -36.20494494 -34.15200682 -33.34459104]
[-35.05236354 -36.25865468 -36.64457019 -36.27644511 -34.85006211]
[-35.61903022 -36.89533874 -36.01159399 -34.09979662 -35.42965175]
[-32.95600091 -34.71971584 -35.17072032 -34.4808161  -34.34255761]
[-35.40514742 -33.07188231 -35.94377404 -35.24413314 -34.38599959]
[-33.16899316 -32.73237073 -35.27938614 -33.20710943 -34.26501545]
[-33.88806585 -33.93815224 -35.18092666 -34.6042618  -35.92012225]
[-34.91368039 -34.03362778 -35.31788876 -34.64713505 -34.00847408]
[-34.9538503  -34.70653157 -33.39877415 -33.34345386 -35.0334459 ]
[-34.08406566 -32.73672251 -35.00973205 -34.54433078 -34.39463527]
[-35.10188468 -33.30093742 -33.75649824 -33.00769802 -34.98439362]
[-34.81608058 -36.24455598 -35.23375496 -35.18336061 -32.9331443 ]
[-19.52792465 -21.57080908 -20.96524868 -18.78500982 -19.82114891]
[-20.93394564 -20.18336199 -18.23750667 -20.97228613 -20.47532463]
[-20.20642693 -19.18666684 -18.98255592 -20.76050973 -17.59772647]
[-19.96775056 -20.4822169  -19.07117138 -20.1689323  -19.28552464]
[-20.21907207 -20.10587724 -18.88902416 -20.23181784 -20.75196816]
[-35.77930762 -34.68893204 -35.61943621 -35.17712257 -33.86505859]
[-33.78326909 -35.98262925 -32.97653459 -33.05396062 -34.89361058]
[-34.0341345  -34.17256864 -35.62063799 -31.64585746 -35.29975634]
[-36.51182029 -32.73764155 -32.46678585 -33.94151498 -34.73673141]
[-33.40403023 -33.25465124 -34.30993141 -35.83809534 -36.39996705]
[-34.7690694  -34.88500346 -33.67994486 -35.92048547 -33.52114601]
[-33.58576249 -34.5238156  -36.43491949 -36.29185916 -35.58211815]
[-34.47587581 -32.79040379 -33.39824198 -32.44915782 -34.24210273]
[-33.25068573 -32.77493971 -34.39233022 -34.84159933 -34.98380533]
[-33.93003767 -34.66427172 -35.31564963 -33.99521149 -34.58284348]
[-34.51879827 -34.25247535 -32.99935745 -32.15974027 -33.12580165]
[-35.21534991 -34.07059494 -35.05251051 -35.26688921 -34.3711573 ]
[-36.61564524 -32.27160032 -35.71262811 -35.37457869 -34.88151618]
[-34.74672446 -32.55200197 -35.10816787 -36.27659805 -33.33564774]
[-35.31323947 -34.41418253 -33.18331688 -34.43859987 -34.17053223]
[-31.80456466 -33.5285606  -32.67726517 -33.96524658 -34.39673069]
[-33.09271453 -34.7657536  -34.0938067  -36.46410283 -32.90570346]
[-33.25686313 -33.75495585 -33.30800239 -34.32127183 -33.68263832]
[-34.87784833 -34.29560381 -34.73193691 -33.36636517 -34.49656765]
[-32.77274324 -32.51942152 -33.75125434 -33.5357004  -32.47776163]
[-36.36235218 -33.76586658 -36.11015309 -34.20144136 -34.58990205]
[-32.74248752 -32.99743285 -33.07490624 -35.4030553  -33.61422449]
[-33.08876103 -35.99486122 -35.35014716 -36.49193508 -34.74268801]
[-34.65966496 -35.11991418 -33.98694873 -33.79585971 -34.35681642]
[-32.8865885  -36.01622895 -34.78531893 -33.54533482 -34.36436969]
[-35.17127859 -33.9659285  -33.84939243 -32.55242622 -35.12869764]
[-31.93772654 -35.69924133 -33.13099754 -34.75040648 -35.14897311]
[-32.69606083 -33.9673887  -34.22917894 -33.22374005 -35.3972422 ]
[-35.31579778 -33.56773161 -33.36629842 -34.72768487 -36.42410241]
[-34.49473203 -33.57812979 -33.29240599 -35.91753921 -36.3041958 ]
[-31.95597262 -35.72743092 -35.5160445  -32.72888801 -33.94814353]
[-32.6796172  -36.0360109  -36.19155036 -33.149163   -34.55275892]
[-35.85528702 -33.93552754 -36.42573162 -32.58799531 -35.09530743]
[-33.3656779  -32.21243037 -34.01111697 -36.34732586 -33.67909486]
[-35.82487324 -35.08542954 -36.13788441 -33.40983799 -33.95317452]
[-33.07748789 -35.05392013 -34.6035768  -33.3930232  -32.40911778]
[-33.5412915  -33.14501768 -34.5731401  -35.59012491 -34.99526442]
[-34.06461073 -32.79349597 -36.27468427 -35.55428261 -34.75524123]
[-34.57176471 -32.06926668 -35.71020736 -32.79414465 -33.67083926]
[-35.09935418 -33.72629605 -36.5543626  -34.69048075 -34.64229183]
[-34.96053918 -35.52996761 -35.2347904  -35.46047833 -35.64284674]
[-35.6153023  -34.27529212 -34.39740379 -33.2197726  -35.08790101]
[-31.97379112 -34.29140668 -35.40827268 -33.52443545 -34.69358978]
[-35.4314121  -34.14380551 -32.95691868 -33.6444948  -36.00751215]
[-33.31730893 -35.55111302 -33.44488442 -34.69240193 -35.93255592]
[-33.00622652 -34.07850752 -34.967889   -35.20737781 -35.70177129]
[-34.3762224  -33.21924038 -33.15098348 -32.42711966 -35.50522993]
[-33.20730511 -33.81587321 -35.32247445 -35.29490737 -33.30658004]
[-36.05607738 -34.71984561 -33.69103376 -33.50692874 -34.14645219]
[-34.68444692 -33.51576773 -33.36809194 -35.37503452 -32.81005774]
[-34.45911786 -35.25265292 -34.18438936 -33.19917244 -34.65948733]
[-32.60183305 -34.40254167 -35.63708379 -36.56243904 -33.71040821]
[-36.1356905  -34.89522706 -34.1901301  -34.01644328 -34.29737534]
[-36.64744136 -34.41382755 -33.02850437 -36.04424191 -33.68192793]
[-34.07482806 -31.48866025 -34.45356013 -32.3189656  -34.17405643]
[-32.58195894 -34.46395306 -33.20630463 -33.11134185 -32.86584004]
[-34.40727489 -35.81310105 -33.11264066 -31.25872319 -37.23238329]
[-33.94121214 -36.14598264 -34.89380103 -34.76378929 -32.98269924]
[-35.72550937 -34.7375979  -34.01133361 -34.23764635 -33.06628189]
[-32.96783917 -33.41745449 -33.61449652 -33.70279327 -35.7063704 ]
[-33.2730636  -35.44890387 -34.27688385 -36.32751702 -35.60425804]
[-33.72620478 -35.49543512 -35.57603895 -33.42827883 -33.89117388]
[-33.0738575  -34.97890786 -35.86932186 -32.63724187 -34.55559383]
[-34.100212   -34.32930032 -33.30774635 -35.93829536 -33.27702382]
[-34.69778952 -33.94038256 -36.94035953 -35.17008484 -33.67077307]
[-32.82615531 -33.39303837 -34.43108852 -33.40276452 -34.42651834]
[-34.00263268 -33.51436214 -35.56839748 -35.29746616 -36.19709837]
[-35.34854694 -35.79154746 -32.85506267 -35.07548034 -35.83570162]
[-33.66404767 -33.91119923 -32.45456433 -35.45850233 -35.42548784]
[-32.00950055 -34.66133073 -33.89713849 -33.070676   -32.71295534]
[-33.46952154 -35.04791882 -36.31244191 -32.44865035 -34.91324473]
[-34.48156595 -34.05764931 -33.62628081 -33.61025795 -33.72977347]
[-35.91018689 -33.93463938 -33.50738149 -34.99676133 -36.78157967]
[-33.54920243 -35.78358358 -33.91392918 -34.90985106 -34.48368558]
[-34.16426293 -36.39276334 -34.52972648 -33.34266792 -35.89098431]
[-34.00250351 -35.87471072 -34.50070129 -36.3590113  -35.55691385]
[-33.71295259 -32.81532371 -33.91160319 -33.77127592 -36.05002408]
[-32.67139047 -35.39421695 -36.27590328 -33.928892   -33.98450344]
[-36.34550193 -35.42885254 -35.01396601 -32.31884854 -33.17811972]
[-35.8632629  -35.98632783 -34.43142506 -34.2423357  -33.70432738]
[-34.83815954 -33.90099198 -33.576088   -34.83324271 -36.25734509]
[-34.7065336  -34.15533089 -32.32034225 -35.54092086 -34.66944214]
[-35.91195585 -33.02534631 -34.52823288 -34.08836988 -32.98545981]
[-34.93814161 -32.39406724 -32.75674972 -35.56299073 -34.96541653]
[-34.20628159 -32.11541564 -34.7863349  -34.00351127 -36.45227963]
[-105.00452363 -106.30866022 -107.01813462 -106.4556001  -109.38069205]
[-109.26864245 -107.92072709 -107.80860442 -107.35064262 -109.26117706]
[-110.31775121 -107.68310183 -107.493643   -110.33326688 -107.10283327]
[-108.49258759 -108.12196749 -108.82802678 -108.87331844 -108.21694369]
[-108.9277215  -111.37794017 -109.8089413  -108.99567045 -109.913277  ]
[-33.60611948 -33.99203011 -34.25139079 -34.93145478 -34.08859926]
[-33.36614645 -35.19209398 -36.24780183 -35.15163848 -32.87647415]
[-35.22030131 -36.08566338 -36.11203538 -34.01867922 -34.87145653]
[-34.43491564 -31.78747427 -33.36165414 -35.36718414 -35.79640489]
[-33.06826482 -35.74384377 -33.20255835 -33.94775732 -34.93862704]
[-108.47709894 -108.90693383 -106.57632494 -109.01919418 -106.50127133]
[-106.15228539 -108.36195603 -107.69624696 -107.59959439 -110.02202845]
[-109.19780364 -107.86245922 -107.71190734 -109.43942284 -108.89345948]
[-107.73678197 -109.40735929 -108.24988576 -107.07545056 -110.02682082]
[-106.63960749 -108.38672263 -106.22100722 -107.69571712 -106.6080296 ]
[-36.48301499 -36.7043195  -34.6529924  -35.64371669 -32.76183567]
[-35.87702265 -34.68899519 -33.07612021 -34.74707571 -34.23879818]
[-34.78188429 -33.45308361 -35.55978103 -32.54319093 -33.68146036]
[-34.92094981 -34.55141839 -33.82197181 -35.62503922 -33.61685568]
[-36.18221053 -33.71771029 -35.49763809 -34.13770588 -35.42208577]
[-34.16166314 -35.71616144 -31.75067445 -32.80874251 -33.50173659]
[-36.08923771 -34.35404763 -34.54050805 -34.16950279 -35.90742811]
[-35.45912611 -35.60879783 -33.17511934 -33.03261288 -35.08775233]
[-37.18217114 -34.25110563 -34.92708209 -35.61655202 -33.76253224]
[-35.65470519 -33.7270232  -32.78700055 -33.10507922 -35.04965269]
[-33.69029919 -34.71523347 -33.98977981 -33.20781851 -32.18291541]
[-34.46038637 -36.63402411 -33.25603269 -32.97640371 -33.17195493]
[-35.4189945  -33.56141279 -33.95922109 -33.91961116 -35.78684265]
[-34.14568684 -32.39919659 -35.52060361 -33.08274982 -34.46411905]
[-32.72576296 -34.49844903 -35.52856034 -33.29487711 -31.94499794]
[-34.16782    -33.51702955 -34.97420304 -36.30161525 -36.38632752]
[-33.34650377 -32.89102485 -36.78274882 -34.77115665 -34.38488683]
[-34.02276827 -35.72336564 -34.42972122 -33.80746819 -32.43110839]
[-36.02664199 -31.24967418 -34.56697018 -33.24867369 -34.66983373]
[-33.32709829 -35.1156841  -33.48575599 -34.20354091 -36.05468634]
[-35.91504453 -32.26490379 -36.43195964 -35.14298763 -35.2160314 ]
[-35.51931703 -33.75488558 -35.06029543 -34.99542486 -34.20268022]
[-35.63619614 -35.16583882 -33.44668689 -33.87595092 -35.03159945]
[-35.31596835 -33.47004761 -35.13536119 -35.38884587 -34.11277159]
[-35.98050439 -33.49847216 -36.45019911 -35.76251016 -33.45724203]
[-34.53929489 -32.61222842 -35.81474426 -36.86747971 -34.64440646]
[-34.11040037 -35.82293225 -34.42292706 -33.12621882 -36.53448956]
[-34.02378238 -32.32502741 -36.38415183 -34.17916809 -32.63004561]
[-34.12632741 -33.88134003 -32.8438436  -35.61888477 -34.13890365]
[-33.182654   -33.63791246 -35.05203417 -32.69752243 -33.59744701]
[-33.95004561 -36.28860958 -36.35891427 -35.123972   -35.51214684]
[-33.85186352 -36.34219629 -35.045215   -34.38266959 -32.95896174]
[-35.10528615 -33.76802226 -36.19704432 -33.41446616 -33.31174756]
[-36.1186999  -35.43032598 -33.03988452 -33.80091144 -34.69675168]
[-34.76358039 -31.88170779 -35.99057978 -34.15636469 -34.42844862]
[-35.63729924 -33.68679564 -33.36192095 -34.22055394 -32.36840488]
[-35.21576062 -32.73446292 -32.7334659  -35.45472696 -36.70245507]
[-33.78172156 -33.46466004 -33.68954463 -32.99812869 -34.97428533]
[-33.28750311 -35.41038667 -35.63504813 -31.71592633 -32.48870515]
[-36.63916916 -35.48829101 -31.90394376 -31.71422854 -31.90936858]
[-33.50216449 -33.40338171 -33.33581803 -33.76102527 -33.80111912]
[-33.830964   -35.57486726 -33.42305078 -34.95112947 -34.5748084 ]
[-36.14023486 -33.10877842 -36.01984378 -35.78693111 -36.48654145]
[-36.82920614 -33.74100408 -36.13905508 -35.39840408 -33.06438037]
[-34.77750307 -32.99210622 -33.68697937 -32.52453946 -35.55789697]
[-34.71366444 -34.01263544 -36.29524924 -32.99556784 -32.46523766]
[-32.72034567 -32.57941402 -35.6353979  -34.63052074 -34.43136658]
[-35.35053261 -35.43025064 -33.09391291 -34.6977842  -34.48720629]
[-34.68937757 -32.62860995 -34.10384569 -35.26089571 -32.60052065]
[-34.61743369 -34.41396258 -34.39895782 -33.93107097 -34.92511445]
[-28.68673529 -28.94560347 -27.62205908 -28.89036189 -27.40822292]
[-28.44074308 -26.58309363 -28.24028978 -28.25950307 -26.61419062]
[-29.54511007 -29.06475955 -28.79925046 -28.92300213 -26.78372635]
[-28.25065632 -28.80988642 -27.26154523 -27.74086266 -28.92829314]
[-28.17509523 -27.46795605 -27.89001876 -27.31096474 -27.46251849]
[-35.26261725 -35.1981437  -33.34265061 -33.6915338  -35.40394085]
[-34.01102718 -33.07973178 -31.54513848 -33.29811536 -35.39791176]
[-33.35408766 -35.21452867 -33.91395333 -33.37081322 -33.15446206]
[-36.11269227 -33.20527772 -34.42037237 -33.40993189 -32.99332379]
[-31.75630061 -32.4851297  -35.12299796 -34.79293472 -34.5557647 ]
[-34.66835885 -33.20292288 -35.85143379 -33.97490901 -34.7453374 ]
[-32.12155242 -32.68957008 -35.5682948  -33.87209619 -32.36132057]
[-34.97417456 -35.52472639 -35.51953012 -35.7774962  -33.49065625]
[-32.98207872 -35.84211005 -36.41255201 -34.58278558 -33.74099724]
[-36.08600763 -35.74253312 -34.93595004 -34.41019898 -32.42852214]
[-35.51653945 -34.92615922 -33.64077187 -33.67177101 -34.64147466]
[-33.40798266 -34.39661079 -33.57850675 -34.03341963 -33.9953893 ]
[-32.48708886 -35.86186381 -33.92413555 -35.09850222 -32.85373256]
[-35.59839419 -33.87746606 -32.78713633 -34.20024302 -35.62667938]
[-35.2972141  -34.63473154 -32.541245   -36.50527448 -32.11042508]
[-33.21635752 -35.52222425 -36.62148687 -34.51234573 -35.86550447]
[-35.22162641 -34.90405821 -33.67603534 -34.8927043  -33.13892093]
[-36.40212365 -36.51714566 -34.23174697 -35.65122415 -35.12023423]
[-34.60603741 -34.87143753 -34.04109037 -34.58266773 -32.90249979]
[-34.03187415 -34.52264412 -35.53015707 -34.26074264 -34.1106251 ]
[-33.23189711 -34.03961774 -35.14167784 -34.9372363  -35.57549976]
[-33.15113445 -33.18295918 -35.90921192 -33.05026943 -34.83795622]
[-32.97573616 -33.33279359 -35.95002415 -33.51138636 -33.84497543]
[-35.44746364 -34.27976444 -35.81287986 -34.3684451  -32.27462548]
[-35.91832428 -33.58490129 -34.82712473 -36.79115545 -36.35559278]
[-21.42644455 -19.70064626 -19.52447551 -19.05349801 -18.29577526]
[-19.41529748 -18.25668844 -20.34547327 -19.02885789 -20.95384938]
[-19.81915301 -20.44086798 -18.29140262 -20.01005753 -20.24594153]
[-18.4525831  -17.48962785 -21.88856077 -21.15039925 -18.94117119]
[-20.95969628 -18.37326626 -18.57927771 -20.31619868 -21.55351951]
[-33.7321286  -34.0867253  -34.94642924 -35.00183369 -33.51480588]
[-33.4747187  -33.40895545 -34.41968483 -34.3782093  -32.42869032]
[-34.63136724 -35.8872476  -33.33743141 -35.80433249 -34.8595143 ]
[-36.73552479 -32.60575532 -35.58808246 -32.52055286 -34.8918941 ]
[-36.47186471 -35.41051815 -36.49198735 -33.39162832 -35.66781793]
[-34.34349767566882, -35.701456837023734, -35.18271130766538, -33.557674681253026, -34.59901488237758]
[-35.44697498981401, -34.951494899450836, -35.06449494391217, -34.04206145544747, -33.85940502732384]
[-32.36021488455269, -34.01626967829691, -34.717046475289756, -34.84351786032072, -34.47970298554593]
[-33.894403723400465, -32.79729257584437, -34.72304227797898, -33.5835186455642, -36.10126244120761]
[-35.72475200893788, -36.034160669450365, -34.78866155833462, -33.13510692590494, -33.55604820874161]
[-35.248152045515354, -35.52968560115073, -35.97664797895435, -34.9693893481678, -34.183648202228966]
[-34.333100749490185, -36.01031453149661, -35.257271528863875, -32.21136449890409, -33.406352506278296]
[-34.768700872637325, -36.30998119687919, -35.346041647779735, -34.17062958331546, -32.466700508147326]
[-33.76547118889486, -33.39741809724473, -33.297373754721555, -36.26548990033562, -33.52394881579092]
[-36.04537815163005, -32.70634504315166, -35.636851661996445, -33.43163734140208, -34.56481544482349]
