[0, 0, 0, 0, 0]
[-27.83174064 -27.91356892 -27.52630937 -27.47849765 -27.207557  ]
[0, 0, 0, 0, 0]
[-27.53458628 -26.80155296 -26.72006286 -26.61573269 -28.07198137]
[0, 0, 0, 0, 0]
[-27.74670293 -26.73393579 -26.04924767 -26.62840391 -26.33822873]
[0, 0, 0, 0, 0]
[-25.93669159 -26.07973184 -26.87672298 -25.25568378 -25.42438984]
[0, 0, 0, 0, 0]
[-27.79496193 -28.1116558  -26.72934233 -26.96327514 -29.06869771]
[-30.3437107  -30.59273979 -30.42933186 -29.15240959 -30.30763743]
[-30.98126643 -30.78640943 -32.2407426  -29.98831066 -30.90395834]
[-32.15743644 -30.5519396  -32.18790021 -32.17667057 -31.35954884]
[-31.55426469 -33.04991381 -32.91733307 -32.76170665 -32.66932311]
[-32.73670782 -34.00389995 -34.03161491 -33.70176927 -33.37263289]
[-38.33837187 -39.53227534 -38.72454003 -38.9013072  -39.26075913]
[-37.80672323 -38.00902984 -37.76295034 -38.69446617 -37.07193808]
[-38.1143732  -38.79237902 -38.01386182 -37.57401882 -38.82232964]
[-36.00716125 -37.36338193 -37.72724577 -35.53793602 -34.10080837]
[-38.0096634  -37.78266021 -38.79688195 -38.7527454  -38.20984734]
[-43.33464812 -43.53471915 -44.10787829 -44.00408849 -43.2166648 ]
[-44.55093135 -42.036966   -43.89522884 -45.12863523 -44.71396997]
[-44.00236245 -43.72403283 -44.28149409 -44.38059318 -42.56231617]
[-44.42163779 -44.9815078  -45.17134209 -44.46431796 -43.9226795 ]
[-43.4141179  -44.4733689  -43.28934772 -43.86515069 -43.41752416]
