[0, 0, 0, 0, 0]
[0, 0, 0, 0, 0]
[0, 0, 0, 0, 0]
[0, 0, 0, 0, 0]
[0, 0, 0, 0, 0]
[-31.96249251 -32.79309361 -31.80896241 -31.76132783 -31.37710404]
[-33.88449591 -32.53359784 -33.14890066 -33.63392122 -34.17979227]
[-31.61977995 -31.25614013 -32.27738394 -30.84050737 -29.99333589]
[-31.58506322 -30.87917315 -32.48867218 -31.92307152 -32.36979678]
[-32.14618818 -31.84803795 -32.33364997 -34.47416488 -32.95913514]
[-63.20410267 -64.23279817 -62.12840956 -62.52997856 -62.35413698]
[-63.34341202 -62.64411129 -62.28767519 -64.21271613 -63.21123535]
[-64.1942551  -64.60065713 -62.64487752 -63.63623815 -63.80295476]
[-66.72303239 -67.97530751 -67.67362467 -67.06065876 -67.85742517]
[-65.18595385 -65.6321522  -67.51588321 -67.80932693 -64.7564121 ]
[-56.84923564 -57.64340995 -57.29632571 -57.81726908 -57.15027258]
[-60.70660209 -60.63167778 -60.74298923 -61.00347019 -62.85603057]
[-58.08792399 -59.03451717 -58.83609768 -58.08922707 -60.95057502]
[-56.99896881 -58.37973827 -58.11872913 -58.49623687 -56.87538443]
[-57.42503209 -57.9619306  -57.68265347 -57.62518034 -58.52692878]
[-43.02101121 -44.11047745 -45.51244958 -43.31823444 -42.9498013 ]
[-43.43062508 -44.48057515 -44.45228098 -45.87988913 -43.93111784]
[-42.03459718 -42.00179107 -43.01280326 -44.14270261 -42.25410811]
[-42.67954741 -42.5116874  -42.50317765 -43.40018974 -42.37482138]
[-42.00930781 -42.82495156 -41.95747913 -42.24742593 -42.4162275 ]
[-45.63161815 -44.96671802 -45.81691686 -45.87197669 -43.98424603]
[-44.41697627 -44.59718275 -45.81029122 -44.3297847  -43.39683065]
[-45.43305043 -46.81053273 -46.09649642 -45.38732395 -46.44667957]
[-46.18941795 -45.45016525 -45.0079532  -44.8478546  -45.8474314 ]
[-46.69309488 -46.12800642 -45.65863896 -43.69283746 -47.3918181 ]
[-48.38880064 -49.76766824 -50.43170195 -49.59686685 -49.0207715 ]
[-51.38517978 -50.59339572 -49.60351658 -51.03802976 -50.28389743]
[-48.25675379 -49.33570843 -49.46389141 -50.95729305 -51.25832365]
[-50.49920925 -50.90919485 -50.8298256  -51.51236848 -50.27272683]
[-51.1941441  -49.91552224 -49.3126307  -49.99185048 -50.87480422]
[-45.46940451 -45.62920138 -45.96859921 -46.01072005 -45.3100328 ]
[-45.82269246 -47.52992706 -46.95742238 -47.77548727 -47.4139673 ]
[-47.30582963 -48.10277286 -46.93299473 -47.00131109 -46.58219831]
[-46.82114826 -46.92894822 -46.63005616 -47.57283025 -45.49161021]
[-48.34441295 -49.01110852 -47.23138757 -47.04876905 -47.61291512]
[-47.87855617 -46.5914616  -46.69203846 -45.44764648 -46.50664693]
[-45.47454441 -45.21937985 -45.89045697 -45.52501906 -45.74276972]
[-45.14270641 -45.63353225 -44.14043591 -43.75027886 -43.09947263]
[-45.20891178 -44.53479787 -44.69760743 -43.37478536 -45.31168632]
[-47.07185409 -45.86384182 -45.02989321 -46.1721658  -46.41691689]
[-48.48821266 -48.1608599  -49.80910106 -48.87921201 -47.83495553]
[-49.62016335 -50.61492961 -48.47627758 -49.71276283 -49.37797238]
[-48.20818492 -49.1100001  -47.1914256  -47.10650207 -47.50837638]
[-51.39727711 -50.50111455 -50.76715367 -50.44377616 -49.09420146]
[-47.15548019 -49.97393952 -48.2931353  -46.85489092 -46.69087561]
[-47.39044442 -44.50073212 -44.99273543 -46.11895136 -46.68047446]
[-44.72982824 -43.64056221 -43.98675694 -44.92570972 -44.58649191]
[-42.07813432 -43.37047246 -42.21309033 -43.32886219 -41.16755149]
[-43.13795915 -44.75968625 -43.44469878 -43.69629955 -41.32769642]
[-42.47718672 -43.8229178  -41.94207308 -44.44974372 -43.96616995]
[0, 0, 0, 0, 0]
[-40.04325729 -39.07141794 -38.33089159 -37.43070148 -38.82012338]
[-38.69652029 -36.91452284 -37.13426229 -38.40672296 -39.20738313]
[-39.4041035  -38.39312391 -38.90084628 -39.00512943 -39.19310555]
[-38.89921203 -39.00541514 -38.10871794 -38.75671087 -38.15107313]
[-39.21197526 -39.60159003 -39.97912312 -39.66516985 -39.50089743]
[-40.14128472 -40.93245435 -39.16756846 -38.13046561 -41.30630663]
[-41.71477709 -40.13849289 -39.44025328 -40.23209809 -40.18656513]
[-37.51507755 -38.81993886 -38.4875167  -37.76502648 -39.18677799]
[-39.21813479 -39.83440995 -39.53829835 -38.40012744 -40.45065167]
[-39.14714357 -38.17873956 -39.09550363 -39.22269564 -39.35644947]
[-40.24738099 -38.39773398 -38.44343081 -38.04963871 -38.16652059]
[-39.35589441 -39.99547335 -38.59629344 -39.01068018 -39.96821522]
[-39.67982661 -38.95758287 -39.49143802 -38.17501918 -39.42189733]
[-39.6955352  -40.3914707  -38.03160208 -39.53053828 -40.09287022]
[-38.76868339 -38.47740353 -38.60027354 -38.13083214 -37.56162386]
[-38.98621007 -38.49098233 -37.85357102 -39.29993625 -40.03698405]
[-37.46266445 -38.28612592 -38.98625118 -38.10946794 -39.70707424]
[-38.27209776 -37.47574751 -38.19838003 -38.26025041 -37.76223494]
[-38.26758949 -35.9937016  -37.93810732 -38.61626768 -38.97826031]
[-36.89087511 -37.99708063 -38.0807218  -38.92864558 -38.02785124]
[-38.77257821 -39.05421489 -40.457359   -40.52876776 -41.01980852]
[-39.40034463 -40.82909886 -40.8669433  -39.91492089 -42.66111684]
[-40.98632356 -39.97715964 -40.90874832 -41.56621695 -39.13537955]
[-38.2876474  -39.75375826 -38.58522149 -38.063339   -37.74545171]
[-41.81361404 -42.17128192 -39.87986914 -39.76029036 -41.89686788]
[-39.90604421 -40.46929213 -39.7219283  -39.91764737 -38.45504916]
[-38.10394469 -38.80228028 -37.57124592 -37.25540106 -39.26712781]
[-38.79573967 -38.38829548 -40.84475607 -40.12218005 -39.18260257]
[-37.47852036 -36.88244104 -39.92937384 -37.43351331 -37.139986  ]
[-39.88385316 -41.42360798 -39.98335582 -41.61879382 -39.52382812]
[-38.22409284 -40.54410392 -38.51425355 -39.31416865 -40.68737973]
[-40.21880212 -42.18513864 -40.58502052 -40.98676004 -38.67786796]
[-38.55325468 -38.95974453 -39.95567279 -39.37959641 -39.43945684]
[-40.57508376 -41.31659162 -41.01614511 -39.41468001 -40.2110285 ]
[-39.9922323  -40.26357807 -39.45403869 -39.87594961 -40.99959425]
[-41.39678346 -42.00657753 -42.65881085 -38.92425515 -43.10985416]
[-39.9225949  -40.45381417 -40.57761565 -40.79842809 -41.21332406]
[-41.09900325 -41.61550667 -39.72112549 -41.56974193 -40.0946201 ]
[-39.63204435 -39.09376766 -39.42675581 -39.17648535 -41.55518683]
[-41.6827932  -39.8968396  -40.54366324 -40.33972913 -40.17047538]
[-43.17915132 -41.40392117 -42.47601525 -44.34235993 -44.00789833]
[-42.91109712 -44.90717734 -43.58045889 -41.3566123  -44.04549498]
[-41.69972825 -42.81768255 -42.49004426 -42.15547939 -41.34966107]
[-43.41049907 -43.86966176 -43.9656762  -42.68587622 -43.77198532]
[-44.45016011 -41.55054167 -42.41276508 -43.11948128 -43.15403792]
[-46.51422607 -46.74085174 -46.82491345 -46.46016679 -46.62120199]
[-48.22869677 -47.81647901 -46.52579433 -45.62252918 -47.79239131]
[-47.26457447 -47.38186681 -48.63608273 -46.67594057 -48.39234063]
[-48.46433343 -46.97219434 -46.82443552 -46.79326068 -47.37711856]
[-47.22356475 -47.48016046 -48.59085382 -46.03551271 -46.77287139]
[-50.99995753 -50.44223813 -51.26128582 -50.11020832 -50.14546608]
[-51.39128549 -53.00454106 -54.06295398 -52.16761922 -51.37133136]
[-51.85859213 -50.56834497 -49.91755668 -50.85973472 -49.16147305]
[-52.42348189 -51.08533002 -49.7645728  -51.73124728 -50.61407725]
[-49.72210455 -51.16167101 -51.4662228  -51.93020561 -50.41438457]
[-48.68138151 -49.93625508 -48.23320444 -49.65373361 -49.20776746]
[-47.11187153 -48.66200875 -49.08160186 -46.10244279 -47.74716476]
[-46.75851987 -46.96797431 -47.55358795 -48.24460283 -47.66743584]
[-47.284588   -47.59024001 -47.95985523 -48.88459605 -47.06715493]
[-46.83630336 -48.11982908 -49.45870358 -47.77247695 -47.99165604]
