[0, 0, 0, 0, 0, 0, 0, 0]
[-40.40808306 -38.86591962 -39.66726831 -39.87951869 -38.15529487
 -38.22646622 -39.46633624 -39.11363343]
[-47.8089783  -46.43280893 -47.39773449 -48.1120478  -47.63227344
 -46.95725489 -47.31774164 -47.84294352]
[-48.89469279 -48.37710259 -49.75731432 -48.50762479 -49.56328686
 -49.66446661 -48.57719483 -49.88958694]
[-49.69487833 -48.71997262 -48.03648666 -49.39015966 -49.08234011
 -47.57570549 -48.28986509 -49.81278864]
[-51.03535721 -52.51925688 -51.36528885 -51.5800337  -52.6933992
 -50.91994372 -51.80172202 -51.11920319]
[-58.28083018 -59.28294888 -57.14874924 -58.2665638  -58.78659592
 -58.05395766 -57.45111741 -58.04716048]
[-56.50148867 -54.8151724  -55.9211431  -57.1623132  -57.2575146
 -55.74561231 -56.28178225 -56.3417447 ]
[-64.14456741 -63.56495375 -63.02267443 -64.08290776 -63.97964527
 -63.05101325 -64.98900123 -63.43620885]
[-59.79810601 -57.29477329 -59.93750457 -59.72222596 -59.63681242
 -59.63808041 -56.99031458 -59.14561867]
[-59.70608494 -59.55385547 -57.92987637 -59.13253707 -59.36094146
 -59.57051443 -60.18328053 -58.40640039]
[-55.92130537 -56.35930624 -56.63516377 -57.30020985 -57.60041126
 -56.35561639 -57.13136158 -55.15898746]
[-62.23733576 -62.17740109 -63.20448337 -62.49287852 -62.68044633
 -62.01458463 -63.15940141 -63.14789871]
[-55.18753246 -55.71983734 -54.36213829 -55.04389661 -54.54956427
 -55.73066526 -55.33155663 -56.04522799]
