[0, 0, 0, 0, 0, 0, 0, 0]
[-40.33018799 -41.32587956 -39.64926784 -38.62884217 -40.78666049
 -40.33768139 -40.95419229 -40.16072865]
[0, 0, 0, 0, 0, 0, 0, 0]
[-39.2032046  -41.91317063 -41.04616728 -41.52516702 -41.85048057
 -41.28436672 -41.30638978 -40.19093686]
[0, 0, 0, 0, 0, 0, 0, 0]
[-37.78847935 -38.33537565 -39.57240043 -39.73531892 -39.95064208
 -39.07742803 -40.20367877 -40.27947888]
[0, 0, 0, 0, 0, 0, 0, 0]
[-38.99148667 -38.11013391 -38.77144386 -39.22430895 -38.38968306
 -39.16392781 -38.94435759 -40.01145626]
[0, 0, 0, 0, 0, 0, 0, 0]
[-38.12426919 -38.56959904 -38.28873155 -38.5765633  -37.23550216
 -38.19780958 -38.13873581 -37.08485687]
[0, 0, 0, 0, 0, 0, 0, 0]
[-38.95579321 -38.39595397 -38.83326085 -39.33120403 -39.10349968
 -37.55995628 -38.72591344 -39.20797025]
[0, 0, 0, 0, 0, 0, 0, 0]
[-40.61891453 -39.69395537 -39.62446523 -39.47375849 -38.49682296
 -38.49988878 -39.66327294 -39.14815385]
[0, 0, 0, 0, 0, 0, 0, 0]
[-40.29492363 -39.75775683 -41.63599373 -41.49182892 -39.83970262
 -40.40581029 -40.32687181 -41.76999274]
[-47.3889272  -45.92523485 -46.62772071 -47.19909256 -47.05792174
 -47.96920407 -47.71506504 -47.0246036 ]
[-45.1689029  -43.01962407 -45.77903776 -44.26568721 -42.51119513
 -44.25105986 -44.20944565 -43.90712732]
[-44.28125558 -46.72297187 -47.37875087 -45.21592448 -46.27530636
 -45.32763056 -45.77728006 -44.53871759]
[-47.46912033 -47.28719779 -44.92925925 -45.99101365 -46.2505756
 -45.96883603 -46.57358693 -46.93127187]
[-46.4901111  -47.04568748 -45.49868308 -47.01220159 -45.09246164
 -45.58249387 -45.87733748 -47.73204497]
[-46.63725916 -46.34081273 -45.37164549 -47.66406405 -46.2702675
 -45.9621431  -46.04501327 -46.4412322 ]
[-47.55887196 -47.80102173 -47.4677877  -45.66493122 -47.98970822
 -46.67721187 -46.90931136 -48.91655376]
[-45.72573564 -44.79557373 -44.17004932 -45.45638463 -44.97583802
 -44.46890975 -45.91267477 -44.4573628 ]
[-53.84635244 -53.99452986 -54.48523911 -54.41535518 -54.68130776
 -52.47643288 -53.82607207 -54.48021118]
[-55.3146432  -53.95544827 -54.45397598 -53.5720732  -54.18815669
 -55.24317765 -54.07067858 -53.40311423]
[-54.53032635 -54.44257358 -55.2845079  -56.34292784 -55.18777994
 -56.30118094 -55.61802503 -53.83594474]
[-57.04709529 -55.49924482 -56.25095159 -54.93424549 -56.60859433
 -55.55682485 -55.68402523 -56.20253327]
[-54.91781678 -54.85168566 -52.41210101 -54.10618301 -54.04873295
 -52.84885811 -52.17272537 -53.78983283]
[-55.19421678 -55.72396054 -54.35819592 -56.78507285 -55.7542759
 -55.02424584 -54.2896441  -54.41955612]
[-54.34477037 -52.74694797 -54.25395802 -53.8224481  -53.79405566
 -52.59690717 -53.08816282 -54.53598354]
[-56.08562464 -54.54151585 -54.48967238 -54.11045989 -55.93069978
 -54.42354805 -54.25380647 -55.27295685]
[-65.80018505 -65.41327169 -65.49758105 -65.10860858 -64.31089288
 -64.65298963 -65.62223291 -65.44958662]
[-61.57894855 -61.3421787  -62.20035004 -61.18784479 -62.60711393
 -62.1160975  -62.24871151 -60.51356269]
[-63.91938218 -64.65562424 -63.67748319 -65.12150852 -64.61021287
 -65.52168564 -64.12848729 -65.6055399 ]
[-62.81265241 -62.94452661 -61.25956283 -64.87848252 -61.98766472
 -62.61307647 -63.05045002 -61.45999102]
[-64.13287357 -63.00873234 -63.15397998 -63.5400823  -64.37684078
 -63.89157038 -63.29991668 -63.71162436]
[-64.79097755 -65.02930661 -65.09188477 -64.81302716 -65.02317818
 -65.76153509 -65.6510148  -65.65305644]
[-61.81764717 -62.96406172 -63.21301634 -61.17430562 -61.87751402
 -62.34694342 -62.8225126  -60.63946816]
[-64.40579786 -62.93937095 -65.38430811 -65.17446809 -63.40328824
 -65.12497197 -63.64793747 -63.14492826]
[-73.09206052 -71.70945962 -74.23746118 -72.51798787 -72.76884671
 -71.58851953 -73.10818454 -73.52962643]
[-69.81841713 -68.58669247 -69.83589459 -69.41429206 -69.00249019
 -68.92070437 -69.58742915 -69.96001784]
[-71.71972326 -72.22205345 -72.10896816 -73.28628171 -71.35630959
 -72.48528642 -70.77617546 -71.0549608 ]
[-73.26930975 -71.75963146 -72.22200233 -73.61610334 -72.38583945
 -71.08054094 -71.40234718 -71.32393409]
[-72.09264728 -71.9063912  -72.42887163 -71.29792885 -71.8226558
 -73.13598497 -73.19766221 -73.27466423]
[-72.52109204 -72.74553431 -73.06598537 -72.5975871  -72.00753779
 -71.31778936 -72.60886224 -74.08796473]
[-72.47576417 -71.89002456 -73.75612232 -73.40417013 -73.3824852
 -72.78414628 -72.39424835 -72.72767379]
[-69.89557293 -69.99466548 -71.20305756 -72.37698028 -69.76297411
 -71.02892599 -69.64886771 -71.79122854]
[-78.47634496 -76.87706801 -76.90437632 -78.61774059 -79.12999593
 -78.82235679 -77.52558511 -77.23360105]
[-78.29480405 -76.40387288 -75.73213896 -78.74158116 -78.16996837
 -77.62849419 -78.46856019 -77.23714776]
[-77.46324714 -76.15997926 -77.22366529 -76.59422681 -76.04071634
 -76.40507454 -77.39003182 -77.885154  ]
[-77.47593432 -79.30960399 -77.84992063 -76.22359914 -77.11997679
 -77.10373301 -77.92848771 -79.10170564]
[-78.2931661  -78.80781169 -78.20391528 -77.11603019 -78.862462
 -77.76715255 -78.8584863  -79.27152419]
[-81.23866489 -82.29610303 -81.31059731 -79.95757324 -79.91109558
 -80.43571823 -82.30135739 -80.87067711]
[-80.16417013 -78.52450122 -76.98250888 -78.48720562 -77.68437926
 -78.87142667 -78.49684535 -77.96393193]
[-76.56065791 -76.43002427 -78.80511316 -77.32386183 -76.88976458
 -76.77063109 -77.39991954 -77.68684057]
[-83.06112044 -84.17949812 -84.13995591 -84.63936616 -83.00526223
 -85.01454138 -83.37938628 -83.25235887]
[-85.63502515 -84.77012518 -84.05938173 -83.1316587  -82.97035061
 -84.14922133 -84.2386007  -83.54128077]
[-86.81512682 -87.47130394 -85.56795336 -86.67502246 -87.58849855
 -87.16650058 -87.1106768  -86.09313836]
[-85.09533984 -86.49617175 -85.25209141 -86.46180683 -85.53612677
 -84.41278173 -86.18016503 -86.70561969]
[-85.45515645 -86.74883084 -87.09661194 -85.4813662  -86.23036742
 -84.97201362 -84.38071166 -84.92928745]
[-84.98263886 -84.80466248 -85.41287591 -85.16897831 -84.82138269
 -85.19768268 -85.03687214 -84.17787454]
[-84.4405408  -85.88115906 -85.46317354 -87.2425303  -83.91050828
 -85.6728414  -84.41971491 -85.39051894]
[-81.69925105 -81.81438262 -81.01060723 -81.50184048 -82.35654977
 -82.45129583 -80.6257141  -80.69882507]
[-83.87077433 -85.10653682 -84.29315455 -84.29900638 -83.18807076
 -83.44850616 -84.23748726 -84.68419828]
[-84.81759929 -85.50807216 -85.46724483 -84.61145376 -85.16368173
 -85.58540912 -83.93180293 -85.49956663]
[-85.86445238 -87.39234933 -87.49375901 -87.344041   -87.64925064
 -86.61489461 -85.95722368 -86.81154725]
[-85.84617568 -84.05506438 -85.44377573 -84.72323389 -83.53474452
 -84.65272757 -84.46329967 -83.80550977]
[-79.96491298 -80.08990802 -79.48928228 -81.93149589 -79.32417075
 -80.49299252 -80.1033454  -81.20079721]
[-83.3609697  -83.54147118 -83.80927201 -83.73994607 -83.3449346
 -83.07525357 -85.20837755 -83.39945866]
[-85.46550735 -86.75723348 -84.7548618  -84.64077815 -86.27894028
 -84.97387141 -84.42595174 -85.15658044]
[-83.85968531 -85.61883295 -84.98570816 -83.58195508 -85.41077597
 -84.95835842 -85.15382364 -86.05006408]
[-82.92648347 -82.30511633 -83.51343008 -84.7456581  -83.96260193
 -81.302898   -82.34301525 -82.74334937]
[-82.76814586 -84.0536947  -84.88152732 -83.73640749 -83.06246015
 -82.263337   -84.27313287 -83.80028572]
[-83.19183155 -83.08983807 -82.96970796 -82.86871753 -83.31844109
 -83.09197967 -84.15162665 -84.13420411]
[-85.82317797 -86.04374969 -84.28794679 -86.44136786 -85.84865166
 -85.13754181 -85.43001157 -85.79196126]
[-86.2084878  -86.37766835 -86.89467575 -85.80937293 -85.20136535
 -85.98898687 -86.93057454 -85.49748747]
[-80.20206435 -79.90557943 -79.53991226 -80.39091092 -81.07366536
 -80.78399491 -81.56745747 -78.84731419]
[-80.50340808 -80.60743343 -81.12664979 -82.45001964 -80.95067688
 -80.2043577  -81.47806756 -81.06620481]
[-82.36041692 -83.52782669 -83.85763599 -83.8240167  -85.22490383
 -82.8466973  -84.50280071 -83.712915  ]
[-91.6442063  -90.80730265 -89.83941587 -91.61129075 -91.53735857
 -91.25320949 -89.58974378 -92.77991855]
[-91.19114063 -89.97483613 -89.75386814 -89.58353615 -90.87430715
 -89.5672623  -89.0005964  -89.61751211]
[-91.20718787 -91.88797264 -92.43946898 -91.60357618 -90.9692831
 -90.18166966 -90.4704396  -90.34739199]
[-91.80929025 -91.30674451 -91.93949092 -90.96505009 -91.18056512
 -92.42571627 -92.16120987 -92.13566054]
[-90.39535315 -90.97356458 -90.43254293 -90.81776905 -91.86498516
 -90.90112755 -90.29624817 -91.67786071]
[-91.30392589 -93.22164627 -92.94764744 -92.66803043 -90.50530609
 -92.9727689  -93.57274174 -92.82155721]
[-89.4646576  -90.52962012 -91.73876695 -91.92107187 -90.41161275
 -90.9067649  -90.12425289 -91.3146182 ]
[-89.14190022 -91.39201928 -89.47556192 -90.01915574 -88.9776195
 -90.05761764 -90.12715549 -89.99147965]
[-91.41081716 -91.76287287 -92.14631375 -92.94220111 -92.16576941
 -92.63159959 -91.25614009 -92.78391383]
[-95.39503003 -94.5947724  -96.27691295 -96.01253621 -96.34797075
 -96.71904408 -96.70146733 -96.68672455]
[-94.14188069 -94.78338769 -94.47407692 -94.5307622  -93.59135996
 -94.24764829 -94.01559991 -93.86223879]
[-98.03723983 -98.95117107 -97.55815558 -98.98844562 -99.19626138
 -98.76660171 -99.26532294 -97.44736231]
[-97.99343014 -96.88099992 -96.98210016 -98.47644401 -99.81745989
 -96.6909319  -97.47440858 -98.05030296]
[-98.19659098 -97.03630528 -97.1449319  -97.79501562 -97.13987627
 -97.39084613 -98.75644402 -98.00360402]
[-96.09451126 -95.34904591 -94.31831772 -95.70702894 -94.97455409
 -95.82204195 -94.72540542 -95.68171055]
[-92.40137968 -93.06229619 -92.54804388 -92.89893139 -93.53136196
 -92.95540478 -92.64466088 -92.80727458]
[-105.41836384 -105.41497713 -105.61504397 -106.53888246 -104.91262061
 -105.26777784 -105.33810134 -104.33247056]
[-103.80593244 -105.5700977  -104.02729849 -104.50462157 -104.39331455
 -105.42450226 -105.01080201 -105.1080841 ]
[-106.20163851 -104.89897685 -107.01420407 -106.79353837 -107.68029524
 -105.01393106 -106.04371004 -106.58119964]
[-105.02859256 -106.46430599 -105.39773985 -105.5167663  -104.97196078
 -105.51394429 -107.10660661 -105.25632974]
[-104.16291378 -102.7839407  -104.42544143 -103.06388559 -104.14123037
 -104.68599838 -103.99042407 -103.25334061]
[-105.01943588 -105.91561834 -105.98385553 -106.59580825 -106.30523661
 -105.53999164 -104.78262353 -105.09370015]
[-106.46446178 -104.92661864 -105.30442078 -105.10180008 -104.88348627
 -105.07735523 -105.10955606 -104.60323815]
[-105.60769415 -106.5799418  -107.3604648  -105.98107952 -106.37918215
 -106.34860777 -105.17968431 -105.37994478]
[-103.60679834 -105.76179086 -105.17755218 -105.08211235 -104.87952654
 -105.29644734 -104.13983396 -104.66820394]
[-103.87590688 -104.14658257 -102.80859417 -103.7927277  -101.46627217
 -103.57762877 -104.56256877 -103.00754286]
[-107.47188325 -108.10782795 -106.42401832 -107.07682943 -105.12739308
 -106.1543632  -107.41246828 -106.03468418]
[-105.10478933 -104.63481672 -104.40438181 -104.14107487 -104.64798148
 -105.6219855  -103.50662764 -104.07723545]
[-107.4464468  -105.8990874  -108.06612462 -105.98503875 -107.36525289
 -106.36795911 -107.4190858  -107.18414111]
[-106.58680372 -106.25263269 -105.55833767 -107.79494342 -105.43687312
 -105.40655698 -106.6850006  -105.58221589]
[-104.12515105 -105.21682217 -104.29951301 -104.69076021 -104.42792134
 -105.08943296 -104.39753107 -104.99239228]
[-105.26516357 -105.51852004 -105.3587472  -105.90089118 -104.99322293
 -104.71770159 -105.71722322 -106.25856734]
[-95.38522606 -96.82660337 -97.03835378 -97.53592944 -96.20374866
 -96.28108627 -96.81146149 -96.15471408]
[-93.78958165 -95.54722284 -95.02998677 -95.10657406 -95.64435528
 -93.23377919 -95.43171763 -93.29626627]
[-93.37246366 -93.82306154 -94.74676422 -94.58227817 -93.03026722
 -94.30759796 -95.29659412 -95.25325216]
[-91.36000427 -91.18637809 -92.88738761 -91.37803136 -91.66714545
 -92.02262355 -93.64721149 -93.97877813]
[-92.90937724 -91.19716014 -91.60569329 -93.63910534 -90.70844736
 -91.2923377  -92.2434524  -93.00428295]
[-95.61593879 -94.93938873 -93.58040566 -94.79604521 -96.53655632
 -94.91826587 -94.46889424 -94.58139472]
[-94.4043918  -94.98625601 -94.86269678 -94.21431736 -94.09369024
 -94.93824274 -94.40325341 -93.73567387]
[-94.01551677 -94.87282901 -94.71245769 -93.55002374 -96.05220658
 -94.59802865 -94.86146921 -94.38711619]
[-108.01750341 -106.14529511 -105.97144123 -107.25167276 -106.17547345
 -105.85645262 -106.30266476 -105.22448813]
[-101.75757329 -102.16798318 -104.19933244 -102.3573615  -102.35284149
 -102.72303812 -103.72563601 -102.39433422]
[-105.40403381 -104.77284425 -104.32799037 -107.07969901 -104.04671671
 -105.42326025 -104.99960532 -106.37201769]
[-103.10615283 -102.86857481 -102.79186162 -102.22382888 -102.75245999
 -103.78801738 -102.90125818 -102.00302425]
[-105.63749864 -107.53554297 -106.09939934 -105.97953209 -105.65805639
 -107.0027629  -106.06769337 -106.14104313]
[-106.3944673  -106.80280673 -106.6064746  -104.60799395 -106.65049022
 -104.38765338 -105.42569871 -106.77880696]
[-107.53159582 -105.63284666 -107.06487336 -108.28082542 -106.53922489
 -105.50203053 -106.56316563 -108.20106898]
[-103.09329322 -105.50623772 -105.48036895 -105.41687296 -103.98201267
 -103.51048113 -104.87902642 -103.60141212]
[-100.75566441 -102.73791843 -102.16687474 -103.31962277 -102.20913748
 -102.18380054 -101.23650069 -102.08146345]
[-100.902639    -99.80692405 -100.12777041  -99.39774159 -100.81693962
  -99.78742912 -100.2890117   -99.82740967]
[-101.6140054  -102.01162333 -100.84956773 -100.94655538  -99.91594968
 -102.36364732 -100.42755851 -102.27652261]
[-97.39457331 -98.3214258  -98.27265794 -98.86968103 -97.71953754
 -98.54459936 -95.98378963 -99.03417934]
[ -98.72666735  -99.43972154  -99.89698896 -100.71848208  -98.95081872
  -99.16900461 -100.26827264 -100.07413124]
[-102.30155503 -101.36041233 -100.74094087 -101.77315777 -101.70630037
 -103.33795487 -101.06498202 -100.64705752]
[ -99.20687789 -100.024022    -99.00938881  -99.39039214  -98.93891315
 -100.03671944  -99.84636211 -100.34556577]
[-100.33071149 -101.67608994 -101.60080286 -100.00789657 -101.0104092
 -100.03506868 -100.43414447 -100.25192482]
[-114.63156561 -114.93159056 -115.17909567 -114.36783259 -115.70338484
 -115.88126366 -116.33086201 -114.87323233]
[-113.17802468 -114.91067461 -113.33007313 -114.33157509 -113.64548819
 -113.98550908 -113.31598117 -113.08466887]
[-118.26810663 -119.50839102 -119.46004643 -117.72463064 -119.09197564
 -117.99963666 -118.68157938 -117.35455237]
[-117.13340211 -115.77445687 -117.38295437 -117.30275339 -116.43499973
 -116.80187494 -117.09310649 -117.75031051]
[-116.20938864 -115.94394603 -115.32045342 -115.90830443 -116.38963804
 -116.91328874 -116.84336254 -114.75798508]
[-114.62659816 -113.35189196 -114.44217523 -113.61175534 -112.84882213
 -113.5505139  -115.40515731 -113.86246703]
[-115.7012563  -117.66162998 -117.7828517  -116.63732389 -115.91658965
 -116.84167673 -115.97117673 -116.39764181]
[-115.88213035 -116.12349528 -115.81727252 -116.97109513 -115.87997853
 -115.57827369 -114.81966393 -116.02588703]
[-101.70069191 -102.26483329 -100.85236899 -100.44459261 -100.49001919
 -102.23425938 -101.83420704 -101.78483638]
[-103.87553925 -102.58726077 -102.67525469 -102.79210372 -103.1448988
 -103.92027157 -101.81255986 -103.54772506]
[-102.96220203 -103.35192998 -101.9189015  -102.70493558 -101.56470276
 -103.41707572 -103.78817553 -102.69791674]
[-106.09770882 -106.21287317 -106.58910124 -106.89634031 -107.11030273
 -105.44692487 -107.72220946 -106.90717404]
[-105.38092353 -106.62611545 -103.5756326  -104.74715783 -105.11562236
 -104.02407657 -104.75338652 -103.5856134 ]
[-104.47093197 -102.30888826 -102.62135138 -103.79346197 -103.43085561
 -105.19079077 -104.42356931 -103.22052347]
[-100.91535373 -101.832625   -102.58949816 -101.47281896 -101.08196124
 -100.71006994 -102.36257888 -101.32136274]
[-102.83211797 -102.03221035 -103.27602558 -102.86885016 -102.56052219
 -102.87759514 -103.73758531 -100.65122948]
[-94.32155827 -93.34896067 -95.00269756 -92.87004559 -93.35563939
 -93.88570539 -94.67249058 -93.26457545]
[-92.80577432 -92.97316819 -91.24562283 -92.49587743 -94.44174006
 -92.12183345 -93.62510178 -92.36297267]
[-95.43011763 -95.07430833 -96.19007919 -94.33452092 -96.42992219
 -95.28087139 -94.49721342 -96.19618187]
[-94.6300021  -94.71871696 -93.92237429 -93.94063621 -93.35678189
 -94.57103785 -93.62820429 -93.94570287]
[-95.23794434 -92.75700307 -94.78394857 -93.06818072 -94.69134929
 -94.0054028  -92.03624519 -94.5485798 ]
[-94.05124541 -92.83857682 -93.05098626 -93.41178411 -92.97523996
 -93.16286212 -94.87253117 -92.64313848]
[-95.67452066 -93.66243702 -95.90012679 -95.13403197 -96.1193989
 -93.86701255 -94.03278179 -95.15242665]
[-92.36001644 -94.53937129 -95.04457841 -93.56538239 -93.78221529
 -94.03213449 -93.50769311 -94.084732  ]
[-95.14986734 -95.75855061 -96.04446839 -95.43344561 -95.06882313
 -95.34185741 -94.9959747  -95.20556643]
[-96.2806915  -96.55671353 -94.49884507 -94.2085256  -96.0237825
 -96.81942    -95.60062678 -96.72980411]
[-97.13526587 -95.98015092 -94.26020596 -95.15257501 -95.2467898
 -96.90531021 -96.05449179 -95.4435318 ]
[-93.85276364 -97.29276309 -96.19395391 -94.70609015 -97.09601177
 -95.00715256 -96.75421181 -95.66546773]
[-98.48888318 -98.45919831 -97.40250338 -98.3616125  -98.63996802
 -97.0915806  -96.67531179 -97.75877445]
[-94.88454084 -96.03958292 -92.70630843 -94.1078086  -94.12704048
 -94.85054225 -94.6050741  -93.22509146]
[-96.41579768 -96.17473498 -96.85498126 -94.72589902 -96.7501704
 -96.45960048 -95.75496824 -95.72300561]
[-94.9216685  -94.99072115 -95.28731797 -93.49678267 -94.12313321
 -94.47942511 -94.37044791 -94.75059048]
[-98.53242511 -99.07304272 -97.28724399 -96.59018951 -97.61749581
 -98.94021351 -98.005221   -97.78348115]
[-98.47522819 -99.00124352 -98.75923703 -98.97202812 -98.22890334
 -99.18191483 -98.18324972 -99.7021632 ]
[ -98.71084423  -98.75043942  -99.88158696  -98.81981771  -99.23478529
 -101.27109258 -100.42872548  -99.40827528]
[ -98.95323683  -97.95573895  -98.20916509  -99.14985137  -97.73865141
  -99.02156255 -100.2872493   -99.04425747]
[-94.24901706 -95.75924633 -95.12468128 -95.9449443  -95.28541796
 -94.97026773 -95.23560084 -96.04500782]
[ -98.5683407   -99.48213201 -100.28555081  -98.72252854  -99.16787241
 -100.8374544   -98.02258906  -99.93659564]
[ -99.39777138  -99.03316844 -100.12644796  -98.94863436  -99.83674295
  -98.67658861  -99.2340914  -101.04238952]
[-96.29158433 -96.68685274 -97.63904836 -94.99112011 -96.73230781
 -96.34954541 -96.28173057 -95.63808231]
[-111.3729107  -110.50467258 -112.00194935 -110.87687932 -110.91966953
 -111.54571483 -111.72401404 -111.31618034]
[-110.32313337 -110.46168658 -111.9324495  -111.98028446 -111.03977604
 -111.66165847 -112.41267547 -110.67708578]
[-109.93252241 -110.34871007 -110.17375404 -111.00076625 -111.10690887
 -109.59027095 -109.35622188 -108.86571437]
[-110.93377207 -110.30319713 -109.80183673 -110.56377073 -110.25991023
 -110.58066152 -111.10335004 -111.17855228]
[-110.66310259 -110.02325303 -110.77921529 -109.40388716 -110.13284741
 -110.33131212 -108.65863615 -109.80470873]
[-110.10062786 -111.28658651 -110.1377902  -110.36713424 -109.33430791
 -109.60809728 -109.70669044 -111.6507032 ]
[-111.34644993 -111.98586162 -111.84694502 -112.24738837 -111.22648077
 -110.02164861 -110.72870088 -111.21010696]
[-113.87072441 -112.21766007 -112.55403078 -113.75815228 -111.20920625
 -113.13334709 -112.28924199 -113.78999885]
[-109.10413907 -110.66685471 -110.19197176 -110.38012474 -110.08340233
 -109.53836326 -112.40915333 -110.09661559]
[-110.99673769 -109.05913278 -108.61243166 -108.65947123 -109.8163719
 -108.50619898 -110.29738921 -108.87741143]
[-106.99717931 -106.71466329 -108.51109081 -107.50783088 -106.95338043
 -107.50783213 -108.01731955 -108.31280539]
[-107.1294029  -107.14333839 -107.45829692 -107.41519888 -108.2443277
 -106.32642395 -107.21853173 -107.14990955]
[-106.14055633 -108.00946886 -107.6161824  -108.01726033 -108.98902902
 -108.266606   -107.65812754 -107.91101914]
[-108.35438456 -110.45311682 -110.15562788 -110.55246821 -110.72436627
 -109.07376381 -109.97825819 -108.40437587]
[-107.3305983  -106.90104417 -108.90422615 -107.59642965 -106.89183286
 -105.96693714 -106.99188161 -107.80232235]
[-106.35822128 -108.17738478 -106.32542093 -106.87138795 -107.02000099
 -106.01232836 -106.54433231 -106.0717934 ]
[-123.14693137 -122.73207726 -123.82022131 -123.38777935 -122.2636229
 -123.03873334 -123.86535279 -122.38143737]
[-127.26962038 -128.35811484 -128.21535064 -127.50194094 -129.22625125
 -128.57085252 -127.36346537 -127.64860909]
[-126.45600843 -126.86189378 -126.2709433  -126.19462989 -126.26700437
 -127.39988789 -126.86713173 -127.84827298]
[-124.47658553 -124.46266151 -123.94601197 -126.22604691 -124.88956363
 -124.35526029 -124.50995052 -124.6195153 ]
[-128.18354362 -126.51697363 -127.77447943 -127.37876766 -128.95509663
 -129.22761964 -128.64565417 -127.50235655]
[-124.2984161  -125.53957975 -124.45214163 -125.60981903 -124.0490795
 -124.26347955 -125.11723018 -123.65291448]
[-125.98349514 -125.78703336 -126.75833837 -126.39656787 -126.42446796
 -124.87785041 -126.11081363 -125.65460134]
[-127.31678823 -127.02459146 -126.19197782 -126.37588229 -126.55972982
 -126.96019498 -128.44696203 -128.58623272]
[-129.01816476 -129.47538219 -128.58861082 -127.76943202 -128.35727118
 -129.24750884 -129.79167479 -129.10466375]
[-132.66332554 -132.51305035 -133.32176785 -132.43378721 -132.98834173
 -132.00147759 -132.53489594 -131.7556325 ]
[-127.42630466 -129.38172571 -128.611278   -127.68412328 -129.47260969
 -127.59515987 -128.80347772 -128.97963024]
[-128.99709311 -129.62939988 -128.48895277 -130.49873573 -130.0335292
 -128.70621198 -128.74774511 -128.21422373]
[-126.69103979 -126.03125371 -126.94818607 -127.46407557 -126.44765327
 -127.7699985  -127.46826855 -126.18647323]
[-129.29747649 -129.20560362 -127.95987141 -129.55100009 -129.15344259
 -127.35531807 -129.1155327  -127.77913071]
[-129.07451165 -129.79356327 -128.25062904 -129.90110657 -130.90679389
 -128.34390851 -128.793537   -130.25596431]
[-128.26634665 -127.27385181 -127.7790644  -129.03775559 -127.61565846
 -127.14477765 -127.01399547 -127.68488048]
[-107.98613286 -109.1181374  -110.27461603 -107.99528154 -107.56150682
 -109.45893122 -107.67857055 -108.32206489]
[-109.88582572 -108.48060315 -107.79223708 -108.36710621 -107.72387101
 -107.40548756 -108.02018118 -107.81380175]
[-111.52807037 -111.73390788 -113.30060865 -111.89849076 -112.68628915
 -113.1858788  -112.44426441 -112.06350691]
[-111.6688755  -112.3032882  -111.49503416 -112.57828558 -112.20817358
 -111.58879008 -112.81053831 -111.21594376]
[-107.71497221 -109.9144713  -109.21392526 -109.67592718 -108.03138002
 -109.22312204 -109.60773079 -108.31925776]
[-109.69639842 -110.06876197 -111.97392    -110.77526356 -109.37210062
 -109.78985501 -108.5236135  -109.38706951]
[-110.30895341 -112.46050381 -111.28715959 -111.5984702  -111.22551829
 -112.19252412 -111.990756   -111.74986602]
[-110.47067189 -110.21386799 -109.74246447 -110.01608708 -109.93563278
 -111.055432   -108.17059379 -109.47180013]
[-121.9339131  -121.20822335 -122.6373175  -122.2969905  -121.8399655
 -122.17022868 -122.13173951 -121.98736979]
[-124.69273687 -126.09706446 -125.50668591 -126.42848902 -126.4125999
 -125.18638572 -125.50540565 -125.91527463]
[-119.7098714  -119.26651653 -118.74953562 -118.49783147 -120.92170353
 -118.1194308  -120.42977655 -120.66036616]
[-120.73975809 -122.03233304 -120.63968239 -122.29588364 -121.24755816
 -120.95305014 -120.78755455 -122.1455166 ]
[-122.66466026 -122.12766585 -122.14151337 -122.80375043 -122.84261998
 -123.82952044 -123.65352294 -122.49624315]
[-121.08536942 -121.64447041 -123.5817021  -122.87636636 -121.38224494
 -121.22225098 -123.4475392  -121.803062  ]
[-120.60493421 -121.63645247 -120.11810893 -120.25192313 -119.65402811
 -119.98837859 -120.30956897 -121.40489708]
[-122.24332714 -121.51607033 -122.5976595  -123.1853665  -122.68238335
 -120.48651274 -120.97545252 -120.4546283 ]
[-124.81376595 -125.01146621 -125.12879501 -124.45282675 -124.96117546
 -124.96828859 -124.57388742 -123.44571018]
[-124.47559519 -123.45606786 -124.41108693 -125.27789778 -125.59839546
 -125.36690399 -124.07903603 -124.24137818]
[-126.13393887 -127.43982141 -126.09650118 -126.42405045 -126.48047195
 -127.14358121 -126.32366801 -126.2340399 ]
[-125.56473028 -126.50826016 -126.82658634 -126.51996535 -127.1827039
 -125.6344501  -126.10253447 -126.94592611]
[-124.21282096 -125.01075    -124.99436595 -123.29055277 -123.59477502
 -122.78613778 -123.15691849 -123.38598102]
[-122.87757806 -123.9321634  -122.40936054 -123.65895134 -123.08769974
 -123.56110721 -124.91196293 -122.90688279]
[-123.67946047 -123.73437205 -122.42485708 -121.25449989 -121.8843174
 -121.65892875 -122.06693898 -122.54575558]
[-124.25559312 -124.79026195 -124.43335284 -123.48977006 -124.24301966
 -124.2864093  -124.55496887 -124.07824894]
[-116.30666837 -116.10534884 -116.86831907 -117.68854534 -114.99749221
 -115.02454472 -116.9435583  -114.90974739]
[-114.72302556 -114.89694794 -112.34058512 -113.87586153 -114.23850124
 -113.08514169 -114.31285794 -114.28209745]
[-114.70943341 -116.12845404 -114.65234667 -115.47884449 -115.05847286
 -114.81040405 -115.06687126 -114.65327307]
[-115.09964985 -115.06528038 -117.25669985 -115.03425449 -117.10329187
 -116.07133915 -113.95357481 -116.34943319]
[-116.42536562 -115.61608367 -118.3638672  -116.03042066 -118.29580588
 -117.3738794  -117.02448095 -117.75995473]
[-115.41341688 -114.60788928 -114.38222876 -114.55215343 -113.76473177
 -113.79016499 -116.42419028 -113.5074443 ]
[-112.71112578 -115.47490197 -113.20508354 -114.94418359 -112.59410296
 -112.67216149 -114.36008558 -113.57325121]
[-113.07184255 -113.18668851 -113.97665789 -113.07049393 -115.81920536
 -113.14183255 -113.02597676 -115.06356675]
[-117.76176323 -118.34720346 -117.7793385  -118.94838301 -118.87879125
 -117.12421177 -116.89135834 -117.24933038]
[-117.22784045 -118.0915138  -118.48391616 -118.03526848 -117.45149228
 -118.52068748 -115.56030228 -117.27165741]
[-117.81341607 -117.60843534 -117.87386859 -119.69181196 -118.29466436
 -116.28056745 -116.87302924 -117.98786872]
[-116.83364712 -117.60819703 -115.45565017 -116.5230954  -116.25597939
 -114.54812251 -115.06378049 -116.35848002]
[-115.36107857 -114.26806195 -115.62719728 -113.05070033 -115.26564559
 -114.63499353 -115.46741114 -114.70283014]
[-118.59197052 -118.97255153 -119.43989612 -119.80423507 -118.5641649
 -121.25008739 -118.01396107 -119.71267344]
[-116.34014744 -115.94531266 -115.48669992 -116.10072595 -115.41607873
 -114.57287696 -115.76145037 -113.6593347 ]
[-116.08650361 -117.01537851 -116.87536096 -118.08866462 -116.88960488
 -116.87711206 -116.00298471 -116.85766159]
[-131.1598969  -130.10338834 -129.44003789 -130.32237456 -128.095655
 -130.17999634 -129.89672744 -129.67732981]
[-136.52866987 -138.30302743 -137.06499233 -135.59093469 -136.57200913
 -136.95054431 -136.47922905 -136.84947154]
[-132.28649969 -130.32258758 -130.88033171 -131.31191004 -129.83949508
 -131.02674371 -132.40754551 -130.83866225]
[-131.08036841 -130.99501938 -129.71329199 -130.50168314 -130.61727951
 -128.73991316 -130.06659779 -129.98947927]
[-130.27726783 -130.37493971 -131.42064012 -130.43898995 -130.67221253
 -131.2783706  -130.9865918  -128.92861645]
[-134.67804864 -133.82162783 -134.84590482 -132.73682576 -135.99293113
 -135.50605716 -134.54671344 -132.54081385]
[-131.66147552 -130.57761111 -130.43775946 -129.97166702 -130.79198303
 -129.43299994 -130.59885881 -130.18367577]
[-130.20695668 -131.62254889 -129.64520397 -131.14054375 -131.9533753
 -130.0284003  -132.08280916 -130.60935258]
[-137.32445011 -136.92581984 -135.51706616 -138.71770762 -136.49525526
 -137.44527266 -138.55602185 -137.78210094]
[-137.20884571 -136.60836597 -137.24869981 -136.36053772 -139.53895412
 -138.06344225 -138.42036513 -138.55982665]
[-139.67591218 -138.52618592 -137.85338817 -139.7843816  -139.88053692
 -138.95410852 -138.23919777 -138.05855428]
[-137.06249061 -136.72187809 -135.17227046 -137.35838882 -136.39850235
 -136.07699369 -137.6237915  -137.58933835]
[-138.8983375  -138.19883202 -139.97780007 -138.81602374 -139.74818563
 -139.29157015 -140.16132039 -138.44459245]
[-139.49284332 -137.61662634 -138.64533008 -140.12197944 -138.08584067
 -138.94340842 -138.92255493 -137.40119096]
[-144.3353279  -144.18113219 -141.33209863 -142.68802355 -142.95296049
 -142.05178974 -142.92197069 -144.07058065]
[-136.86469493 -135.00748315 -134.92352298 -135.74134477 -135.27762577
 -135.16777426 -135.63842836 -137.46708446]
[-124.2353539  -125.38987427 -123.89459809 -123.91678059 -122.850202
 -123.94321631 -123.68550296 -124.41847033]
[-123.37827535 -124.24496672 -126.01620387 -124.23818483 -123.65883818
 -124.94037132 -124.99238523 -124.25528471]
[-127.73232144 -127.01738504 -126.51331361 -127.73614759 -127.49461252
 -125.61197893 -124.99033369 -127.17857359]
[-125.99857553 -128.99662013 -127.66889632 -126.57108405 -127.89560017
 -126.91598148 -127.3224911  -127.38093578]
[-125.14719514 -126.11871353 -125.48459638 -126.52608563 -125.74263914
 -127.0835204  -126.9439898  -126.69552796]
[-124.28553764 -123.50547828 -123.81321989 -123.76097648 -123.42547997
 -122.69151404 -124.02083072 -121.18187012]
[-125.55737094 -123.98937379 -125.78130982 -124.85526164 -124.2858635
 -125.22726135 -124.97156032 -124.16274951]
[-126.80057914 -127.31771879 -127.71121949 -128.32410591 -128.01593689
 -127.30202432 -128.23747234 -128.9816551 ]
[-132.05783226 -130.46263183 -130.92091354 -132.09175544 -131.85122754
 -131.59748756 -131.5938544  -131.10674391]
[-133.27866811 -133.36824772 -132.67054342 -133.82032716 -133.60117834
 -133.25020122 -133.89954297 -132.73939422]
[-128.90061255 -128.3700471  -130.44323231 -129.45393365 -129.33265424
 -129.58574975 -128.59571557 -128.11816256]
[-132.22999259 -133.36689918 -136.00806871 -135.14062957 -133.77009852
 -134.0401588  -133.67209218 -134.41681566]
[-132.6538381  -131.76711779 -129.68015123 -132.88751046 -131.02094597
 -131.49105279 -131.76658589 -131.73714004]
[-131.41295156 -131.14009927 -131.47687788 -131.34649322 -130.66209551
 -130.9328847  -130.88174897 -130.32570854]
[-131.618413   -130.85886592 -130.80759028 -131.28748333 -131.3316622
 -131.54277989 -131.52866342 -131.11183504]
[-130.73237248 -131.03965577 -129.96406093 -129.97885605 -131.30040237
 -130.32721049 -131.51558841 -129.37762084]
[-134.05852729 -133.15100157 -133.71526908 -135.0431237  -133.97606071
 -134.61254115 -135.90592305 -134.48393028]
[-134.91465392 -135.21892516 -135.74172709 -133.25195913 -134.32273984
 -134.72162598 -135.32567278 -135.15763394]
[-135.65376103 -134.70223917 -134.76130898 -136.6377431  -135.0212424
 -135.19184419 -135.69340835 -135.35896304]
[-134.80130163 -135.61346907 -135.13058495 -134.8017936  -134.85699582
 -135.16009671 -135.90448445 -134.60465654]
[-138.04549587 -136.75567739 -136.60727061 -135.96115297 -137.5800889
 -136.98041187 -135.59400153 -136.36012447]
[-134.8471564  -132.89477647 -134.6222012  -133.64796671 -133.62044963
 -134.14398274 -133.12073093 -133.40352205]
[-137.96984407 -138.03846334 -137.06879772 -138.18247305 -137.52667132
 -136.99418126 -137.60273422 -137.72369516]
[-133.47337131 -135.24655856 -135.31614085 -133.18533512 -134.65415083
 -134.30991853 -135.20635727 -134.21202839]
[-129.10391034 -128.58134594 -128.41574259 -128.630533   -129.04180294
 -128.65332466 -128.72173263 -129.69373074]
[-123.32270429 -121.44512047 -124.01834017 -122.47751695 -123.32611495
 -123.17828529 -122.77013865 -123.05246679]
[-126.08914727 -124.76337573 -123.7883099  -125.74442623 -125.17588765
 -124.57880585 -125.23013292 -124.57225507]
[-123.9574877  -125.97025803 -125.22871304 -124.50463923 -125.50074817
 -125.21846379 -123.82259056 -124.05995667]
[-124.23529817 -123.93518755 -125.06480362 -125.33640749 -123.85201543
 -124.51908698 -125.13078412 -125.93556373]
[-126.24641055 -125.44714656 -127.31160055 -125.955019   -126.27289187
 -127.46490912 -125.00545905 -126.42549889]
[-124.15139651 -125.63746349 -125.3448297  -124.8569175  -126.07876742
 -126.76788412 -126.74565798 -126.24687112]
[-126.4509613  -126.55085222 -126.4195614  -126.16209357 -127.00517553
 -126.30152137 -126.66606431 -125.83503776]
[-104.55524375 -104.55323919 -103.25390438 -104.94830678 -105.42952998
 -102.96800973 -102.56995618 -105.42596377]
[-104.14327044 -105.2600251  -103.50294243 -105.75770323 -104.21952575
 -104.12213106 -105.63878782 -105.11106004]
[-105.36089514 -105.01879246 -105.28611537 -104.20932    -106.48556985
 -104.11517048 -104.11017985 -104.97518157]
[-102.27375515 -102.10627414 -103.09793854 -102.53751797 -101.89873508
 -102.50372377 -101.97930746 -102.66768396]
[-105.50110446 -102.80655252 -104.02108854 -102.26621381 -102.89026561
 -103.28262146 -104.14587883 -102.77471423]
[-103.69583378 -102.2791161  -102.0854858  -103.0180836  -103.16632668
 -102.4838582  -103.1557856  -104.33147654]
[-102.16467217 -103.84142812 -102.99054106 -104.11872908 -104.06792592
 -104.71946675 -102.88806049 -104.1383732 ]
[-104.57119581 -104.36577406 -102.60546685 -103.08375467 -103.55344018
 -104.40629074 -104.49940804 -104.47817713]
[-83.14762552 -82.09624802 -83.78292431 -83.93172385 -83.61558803
 -82.80964643 -84.22867766 -82.70229639]
[-85.78102783 -85.39708721 -84.93515613 -85.25098069 -86.64319851
 -85.86419711 -86.85158736 -86.11137852]
[-84.51816793 -84.3725265  -84.36155484 -83.24491558 -83.48423875
 -85.77646686 -84.25940258 -84.36860771]
[-84.37333092 -84.26577128 -84.84841542 -85.22180759 -84.02743146
 -85.09385617 -85.20179824 -83.79422489]
[-87.60439129 -85.90010746 -83.69134834 -85.389956   -86.87597971
 -85.06502319 -85.55959286 -84.82861243]
[-85.83560822 -84.88473353 -86.63496808 -87.39042182 -85.56467375
 -86.46965423 -86.73684658 -85.864594  ]
[-86.45558423 -85.99374801 -85.42115039 -87.58558099 -85.83327445
 -86.75516598 -87.88618208 -86.91685798]
[-87.44081142 -86.90465938 -86.92221468 -84.94094998 -86.83679414
 -86.47434701 -85.95994769 -86.51760113]
[ -99.30468662  -99.17461853 -101.07052098 -100.68408787 -100.67656922
 -100.03667354  -99.61091078 -101.46368475]
[ -97.81375286  -97.61027327  -99.45668737 -100.34976294  -98.18867088
  -97.63265699  -97.018196    -99.75839587]
[-97.55899045 -97.50094438 -96.62846843 -97.77757982 -96.51572806
 -97.54355914 -96.13455848 -97.57787309]
[-94.01135796 -94.85602189 -94.94970163 -95.42068979 -93.81662471
 -94.49560326 -94.98891195 -93.33280896]
[-96.91967347 -97.5030039  -98.33079809 -96.75486009 -98.5872393
 -98.79518294 -96.3911333  -98.08192829]
[-96.96322798 -96.40394907 -97.18680305 -96.73010607 -95.86893416
 -97.20044255 -96.21627019 -98.09111159]
[-97.35158158 -96.58870535 -98.24431149 -97.31956599 -98.39948294
 -97.57759174 -97.51320637 -97.0388619 ]
[-97.24503429 -96.78630092 -98.12600908 -95.84981684 -96.75778202
 -96.75535716 -98.47600547 -97.42295891]
[-81.97046503 -81.22813152 -82.04161482 -83.18360793 -81.92303449
 -81.31338304 -81.42355169 -82.65426854]
[-82.4418068  -82.88545247 -82.0955523  -81.63080676 -80.59588419
 -82.09447099 -81.70191105 -83.00290786]
[-81.28931593 -81.84984123 -80.41615841 -80.53050073 -80.35461976
 -81.62657212 -80.70384935 -80.58454802]
[-81.78121657 -81.23941709 -81.07032156 -80.18838381 -81.60237581
 -82.24603417 -80.64106257 -80.87660519]
[-78.81953258 -78.63841847 -79.19453887 -80.87146588 -80.36921935
 -80.49940476 -80.92723818 -80.30663462]
[-81.37797675 -82.24802806 -81.6325816  -82.57651195 -83.3735744
 -81.54496381 -81.23026151 -82.90689962]
[-79.33738466 -81.48613966 -81.9123402  -81.3333764  -80.09561509
 -81.47696239 -82.21375505 -82.08426475]
[-79.86479074 -77.83442026 -79.47713004 -79.03511047 -79.99918528
 -78.68551727 -80.33707657 -78.52026595]
