0.0036632716377416113
0.003175182253634988
0.003550562528071611
0.0018122182780409813
0.0028934720212504543
0.0016395724470429742
0.0021322757428381693
0.000977628928202818
0.002032580690916522
0.0006292945415232506
0.0023888928673196554
0.0005997581625217388
0.0019031795533300676
0.00022979064369977285
0.0012615301775990536
0.002077240566430045
0.0018795619287388962
0.0018795619287388962
0.0025686220733260718
0.0013051995918924534
0.0002553216863312481
0.00703477044208463
0.0010768224326975582
0.0010768224326975582
0.0047953556143123174
0.007289815295984478
0.0028535985944089324
0.0033122022545798123
0.0018586799324053012
0.0038865832682179464
0.00177340423325161
0.00275891342618268
0.0007765652328397053
0.0012969244104718944
0.0027903925834010194
0.001861796211611852
0.0029148951325852993
0.0035712454568494773
1.2904707225126766e-05
0.0007806843038437141
0.0019747732586810444
0.0026974514868096885
0.003389829939607357
0.0030145509151933768
0.0011737911479739525
0.0011737911479739525
0.001666493521037431
0.0028658775729457214
0.0006028286763796881
0.0006028286763796881
0.0006028286763796881
0.0006028286763796881
0.0006028286763796881
0.0006028286763796881
0.0006028286763796881
0.0006028286763796881
0.0006028286763796881
0.0006028286763796881
0.0006028286763796881
0.0006028286763796881
0.0006028286763796881
0.0006028286763796881
0.0006028286763796881
0.0006028286763796881
0.0006028286763796881
0.0006028286763796881
0.0006028286763796881
0.0006028286763796881
0.0006028286763796881
0.0006028286763796881
0.0006028286763796881
0.0006028286763796881
0.0006028286763796881
0.0006028286763796881
0.0006028286763796881
0.0006028286763796881
0.0006028286763796881
0.0006028286763796881
0.0006028286763796881
0.0006028286763796881
0.0006028286763796881
0.0006028286763796881
0.0006028286763796881
0.0006028286763796881
0.0006028286763796881
0.0006028286763796881
0.0006028286763796881
0.0006028286763796881
0.0006028286763796881
0.0006028286763796881
0.0006028286763796881
0.0006028286763796881
0.0006028286763796881
0.0006028286763796881
0.0006028286763796881
0.0006028286763796881
0.003174802545125983
0.0014391491400356938
0.0005236255117809637
0.0011735129792148126
0.001361676224708383
0.002334764923172475
0.003358888943598001
0.002321706231959182
0.003418736465303585
0.002787136384417806
0.002160798447456146
0.0006107419885639552
0.0016704527410789094
0.002055771677781766
0.0013915374604490747
0.0027830652654054493
0.0031437996845684623
0.0011636141238582913
0.0033411638408934693
0.0026236207575660235
0.0035456436478101556
0.0017083428263515905
0.0023749561798951544
0.0018805881420977406
0.00048476504172980436
0.0018595931259842307
0.00393765392116456
0.005212567870990174
0.00811704331008496
0.0015501516232085137
0.0015501516232085137
0.004029998794865979
0.0036969546935772066
0.005142062656672821
0.00426080809750412
9.575769204022908e-06
0.0021327059723827537
0.00660020727946287
0.010368515703384944
0.005617424461634789
0.002299119671150073
0.0008692855740834818
0.00024597678615312975
0.0006756572148153041
0.00106913012805618
0.0004796759507013106
0.0011495149540748004
0.001932355570137163
0.0005642836862203081
0.0005642836862203081
0.0005642836862203081
0.0005642836862203081
0.0005642836862203081
0.0005642836862203081
0.0005642836862203081
0.0005642836862203081
0.0005642836862203081
0.0005642836862203081
0.0005642836862203081
0.0005642836862203081
0.0005642836862203081
0.0005642836862203081
0.0005642836862203081
0.0005642836862203081
0.0005642836862203081
0.0005642836862203081
0.0005642836862203081
0.0005642836862203081
0.0005642836862203081
0.0005642836862203081
0.0005642836862203081
0.0005642836862203081
0.0005642836862203081
0.0005642836862203081
0.0005642836862203081
0.0005642836862203081
0.0005642836862203081
0.0005642836862203081
0.0005642836862203081
0.0005642836862203081
0.0005642836862203081
0.0005642836862203081
0.0005642836862203081
0.0005642836862203081
0.0005642836862203081
0.0005642836862203081
0.0005642836862203081
0.0005642836862203081
0.0005642836862203081
0.0005642836862203081
0.0005642836862203081
0.0005642836862203081
0.0005642836862203081
0.0005642836862203081
0.0005642836862203081
0.0005642836862203081
0.001159624955033602
0.0006097256526244586
0.00012007148958673641
0.0029760614371033417
0.0035744073079582665
0.0014594991921268556
0.0010784293552741995
0.003095059496265669
0.0005281610091233285
0.0034464334681694265
0.0014894716193043613
0.002019167974949639
0.0012689292385627843
0.0031839927090310796
0.0028676599068895563
0.0019548929706897224
0.0033323850242452024
0.004155745730700127
0.0005685317322208722
0.0014106325227466253
0.006800527040174626
0.0017383984979760531
0.0035360950678112483
0.0023151961092003643
0.0013488592470132553
0.0009928815179474047
0.0030278864776489382
0.0018941026763736066
0.0016932731025805987
0.0026202493472968586
0.0030711690957122783
0.0016338181009326333
0.002204773794903792
0.001037374684631265
0.0001514067354905829
0.005759678981800174
0.009542915668678589
0.002384468948042547
0.00021259700169503314
0.0006741922155435428
0.0006387107898164639
0.0011462178129739912
0.0018537035978965742
0.0010336514898919946
0.0017247693227706925
0.0004007813388024733
0.0007135517137252478
0.001386888591913132
0.001386888591913132
0.001386888591913132
0.001386888591913132
0.001386888591913132
0.001386888591913132
4.5782992295901985e-06
4.5782992295901985e-06
4.5782992295901985e-06
4.5782992295901985e-06
4.5782992295901985e-06
4.5782992295901985e-06
4.5782992295901985e-06
4.5782992295901985e-06
4.5782992295901985e-06
4.5782992295901985e-06
4.5782992295901985e-06
4.5782992295901985e-06
4.5782992295901985e-06
4.5782992295901985e-06
4.5782992295901985e-06
4.5782992295901985e-06
4.5782992295901985e-06
4.5782992295901985e-06
4.5782992295901985e-06
4.5782992295901985e-06
4.5782992295901985e-06
4.5782992295901985e-06
4.5782992295901985e-06
4.5782992295901985e-06
4.5782992295901985e-06
4.5782992295901985e-06
4.5782992295901985e-06
4.5782992295901985e-06
4.5782992295901985e-06
4.5782992295901985e-06
4.5782992295901985e-06
4.5782992295901985e-06
4.5782992295901985e-06
4.5782992295901985e-06
4.5782992295901985e-06
4.5782992295901985e-06
4.5782992295901985e-06
4.5782992295901985e-06
4.5782992295901985e-06
4.5782992295901985e-06
4.5782992295901985e-06
4.5782992295901985e-06
4.5782992295901985e-06
0.0003105921921341163
0.0009903796755226593
0.0019044444863108938
0.00048716499993348454
0.0009946422647177404
0.0005930770197682504
0.0025395162997550445
0.004238196841392184
0.0023365622805835134
0.0011408250229529814
0.0007101110503987861
0.001756333850045335
0.002275904045936172
0.0017034988738148533
0.00021309843979038
0.001984325502165019
0.003569368796335417
0.0013349444514068275
0.0024292884883253627
0.003413482031251504
0.0001015576113675557
0.002671611968227806
0.004377088460015899
0.002345105265220035
0.0027719055555452104
0.0038799610324523758
0.000827988611645584
0.002015727565073315
0.009700395493364641
0.002635476633220557
0.00022129295071528264
0.0010596389499249676
0.004092187944937091
0.004812323394107728
0.004570620934613459
0.005023982073892432
0.0007736039008866373
0.0021516826079274725
0.0029485339890628977
0.0011924746073850344
0.0026096766502971486
0.000384736914614661
0.0012389259035626946
0.000791801396884783
0.0019103900802112253
0.001196142061682733
0.0019868744770873623
0.002958273643495486
0.000552631810175226
0.000552631810175226
0.000552631810175226
0.000552631810175226
0.000552631810175226
0.000552631810175226
0.000552631810175226
0.000552631810175226
0.000552631810175226
0.000552631810175226
0.000552631810175226
0.000552631810175226
0.000552631810175226
0.000552631810175226
0.000552631810175226
0.000552631810175226
0.000552631810175226
0.000552631810175226
0.000552631810175226
0.000552631810175226
0.000552631810175226
0.000552631810175226
0.000552631810175226
0.000552631810175226
0.000552631810175226
0.000552631810175226
0.000552631810175226
0.000552631810175226
0.000552631810175226
0.000552631810175226
0.000552631810175226
0.000552631810175226
0.000552631810175226
0.000552631810175226
0.000552631810175226
0.000552631810175226
0.000552631810175226
0.000552631810175226
0.000552631810175226
0.000552631810175226
0.000552631810175226
0.000552631810175226
0.000552631810175226
0.000552631810175226
0.000552631810175226
0.000552631810175226
0.000552631810175226
0.000552631810175226
0.0013397740324157439
0.0010263845138386908
0.00013404642420627522
0.001557606128636565
0.0017801901637234316
0.0011791901653522441
0.0018211511616442696
3.426637815686284e-06
0.0027413212665142695
0.001441081765671396
0.0042066631700569445
0.0006973433667218725
0.0015370580524186762
0.0029777184836299216
0.0011566604684049896
0.0010225450635811223
5.607111422180518e-05
5.607111422180518e-05
0.000896745907604103
0.0008215801403632945
0.0008215801403632945
0.004047838647267931
0.0027619057886206343
0.0028603846038610724
0.0003538118169193723
0.0004786537006087354
0.0017863600832183652
0.0041169563451697935
0.001077842681693109
0.0012521252454951119
0.0033312756602639996
0.007801838051999344
0.004275313533643942
0.001723223023390163
0.0015751834966616213
0.0036285716706419176
0.0006525069095826947
0.004114651403357855
0.0010634090537833913
0.00020945745983682283
0.0017192271922514357
0.0011166083543483214
0.0008251795601781518
0.00040938099056610396
0.0008256872200219333
0.0009252346939384301
0.0015969752858084063
0.0027208746877833627
0.0009618706071152709
0.0009618706071152709
0.0009618706071152709
0.0009618706071152709
0.0009618706071152709
0.0009618706071152709
0.0009618706071152709
0.0009618706071152709
0.0009618706071152709
0.0009618706071152709
0.0009618706071152709
0.0009618706071152709
0.0009618706071152709
0.0009618706071152709
0.0009618706071152709
0.0009618706071152709
0.0009618706071152709
0.0009618706071152709
0.0009618706071152709
0.0009618706071152709
0.0009618706071152709
0.0009618706071152709
0.0009618706071152709
0.0009618706071152709
0.0009618706071152709
0.0009618706071152709
0.0009618706071152709
0.0009618706071152709
0.0009618706071152709
0.0009618706071152709
0.0009618706071152709
0.0009618706071152709
0.0009618706071152709
2.2509496319981625e-05
2.2509496319981625e-05
2.2509496319981625e-05
2.2509496319981625e-05
2.2509496319981625e-05
2.2509496319981625e-05
2.2509496319981625e-05
2.2509496319981625e-05
2.2509496319981625e-05
2.2509496319981625e-05
2.2509496319981625e-05
2.2509496319981625e-05
2.2509496319981625e-05
2.2509496319981625e-05
2.2509496319981625e-05
0.0004809180046815118
0.001592519727782128
0.0008216288596216612
0.0009426833402768255
0.0028987789373722123
0.0027744561463295203
0.0012161663257337302
0.001293038848606977
0.0020997931359461367
0.0018810996734076098
0.00015636627045143622
0.0009749100418682436
0.001306024024953462
0.0013194991495371236
0.001501649785600724
0.0008774260019907623
0.002659630912513717
0.0028070041990949602
0.0007362682919128628
0.0016598586275397365
0.003365091294716475
0.0012023659480412505
0.003097324840961333
0.00278541597786185
0.006603258073962303
0.0020607594377950907
0.0005928509706474875
0.0038701243096793837
0.0006134726186005374
0.005675477021444881
0.004730401517974714
0.0013323855222371903
0.0031755449116577478
0.0003061366775804538
0.0010345450388132274
0.002983195918834924
0.0021674858316413576
0.0010995838963878948
0.005101312763333319
0.002423341142303018
0.0020819211374472563
0.003024154249425691
0.0007371022884154425
0.002357651025130713
0.0012369072364278697
0.0020394069394616275
0.00252382399959478
0.0016549694700584215
0.0016549694700584215
0.0005627299542025131
0.0005627299542025131
0.0005627299542025131
0.0005627299542025131
0.0005627299542025131
0.0005627299542025131
0.0005627299542025131
0.0005627299542025131
0.0005627299542025131
0.0005627299542025131
0.0005627299542025131
0.0005627299542025131
0.0005627299542025131
0.0005627299542025131
0.0005627299542025131
0.0005627299542025131
0.0005627299542025131
0.0005627299542025131
0.0005627299542025131
0.0005627299542025131
0.0005627299542025131
0.0005627299542025131
0.0005627299542025131
0.0005627299542025131
0.0005627299542025131
0.0005627299542025131
0.0005627299542025131
0.0005627299542025131
0.0005627299542025131
0.0005627299542025131
0.0005627299542025131
0.0005627299542025131
0.0005627299542025131
0.0005627299542025131
0.0005627299542025131
0.0005627299542025131
0.0005627299542025131
0.0005627299542025131
0.0005627299542025131
0.0005627299542025131
0.0005627299542025131
0.0005627299542025131
0.0005627299542025131
0.0005627299542025131
0.0005627299542025131
0.0005627299542025131
0.0005627299542025131
0.0017476221865444252
0.0008353249872820054
0.0005643215892946096
0.0034757676205173127
0.001675450400454059
0.0035223346658864035
0.0016468321276081085
0.00045287396064878015
0.002267644796675211
0.0008269714494532083
0.002296944736295695
0.0017336365274890854
0.0005669339130009938
0.0029388415956850345
0.004191653968622237
0.003857993687256171
0.0024806521518588474
0.0010792796341533477
0.0032948607810538424
0.00247462722330396
0.003433884776830268
0.0022725680748536302
0.0020924709514454276
5.913504777227581e-05
0.0019445612165821472
0.00418566689929339
0.0007412616160290954
0.00010058576054783417
0.001517886451847126
0.0003153915587734411
0.005109896103774453
0.0027067408758942313
0.001905795149247243
0.006034816610032106
0.0020269992074928352
0.0020269992074928352
0.001466920600738722
0.0035322616311187363
0.0010168603935666962
0.002125441108606901
0.002877796777531862
0.0009109024179356751
0.00046427548424449704
0.0006999266580422426
0.001906982962925604
0.0012600289863265498
0.0019901876614866936
0.002554499296313564
0.0002614523832038442
0.0002614523832038442
0.0002614523832038442
0.0002614523832038442
0.0002614523832038442
0.0002614523832038442
0.0002614523832038442
0.0002614523832038442
0.0002614523832038442
0.0002614523832038442
0.0002614523832038442
0.0002614523832038442
0.0002614523832038442
0.0002614523832038442
0.0002614523832038442
0.0002614523832038442
0.0002614523832038442
0.0002614523832038442
0.0002614523832038442
0.0002614523832038442
0.0002614523832038442
0.0002614523832038442
0.0002614523832038442
0.0002614523832038442
0.0002614523832038442
0.0002614523832038442
0.0002614523832038442
0.0002614523832038442
0.0002614523832038442
0.0002614523832038442
0.0002614523832038442
0.0002614523832038442
0.0002614523832038442
0.0002614523832038442
0.0002614523832038442
0.0002614523832038442
0.0002614523832038442
0.0002614523832038442
0.0002614523832038442
0.0002614523832038442
0.0002614523832038442
0.0002614523832038442
0.0002614523832038442
0.0002614523832038442
0.0002614523832038442
0.0002614523832038442
0.0002614523832038442
0.0002614523832038442
0.0021940958430396963
0.0034290658212185114
0.0017032438237542832
0.0007450369374876603
0.000519675967345915
0.0033966510084479894
0.0020109703074610184
0.0033139494148511925
0.0002468309007435639
0.0024055503466458997
0.004170570150095151
0.0004631412216304998
0.0038491005447218118
0.0002785717735204105
0.001598513163087559
0.0005387711737021728
0.0023355267959679214
0.0005359591202539877
0.0005165581141558144
0.003159387170060705
0.0027134915689545607
0.00233057002035797
0.004288519797021599
0.0011235014017879474
0.0024075462849594935
0.004053848147780362
0.0015145423664217094
0.002612791871063295
0.0038582987494641214
0.0008335709991030317
0.0028461580394633346
0.0003527257952824648
0.0029950109460929264
0.0033868527935499663
0.004191357990283063
0.001077064704634119
0.006043846284358429
0.007193611615110063
0.0063647141040556465
0.006814672355553894
0.0018461300827652708
0.00024078423058059364
0.0007445407102716836
0.0014661333158471042
0.000662505557318084
0.0009230741573694712
0.003134412182020339
0.001302634530352596
0.0003524777611030078
0.0003524777611030078
0.0003524777611030078
0.0003524777611030078
0.0003524777611030078
0.0003524777611030078
0.0003524777611030078
0.0003524777611030078
0.0003524777611030078
0.0003524777611030078
0.0003524777611030078
0.0003524777611030078
0.0003524777611030078
0.0003524777611030078
0.0003524777611030078
0.0003524777611030078
0.0003524777611030078
0.0003524777611030078
0.0003524777611030078
0.0003524777611030078
0.0003524777611030078
0.0003524777611030078
0.0003524777611030078
0.0003524777611030078
0.0003524777611030078
0.0003524777611030078
0.0003524777611030078
0.0003524777611030078
0.0003524777611030078
0.0003524777611030078
0.0003524777611030078
0.0003524777611030078
0.0003524777611030078
0.0003524777611030078
0.0003524777611030078
0.0003524777611030078
0.0003524777611030078
0.0003524777611030078
0.0003524777611030078
0.0003524777611030078
0.0003524777611030078
0.0003524777611030078
0.0003524777611030078
0.0003524777611030078
0.0003524777611030078
0.0003524777611030078
0.0003524777611030078
0.0003524777611030078
0.0008174269596312165
0.000994531463146619
0.003793357014751513
0.0003880982329920162
0.0025994238841227837
0.003113530708159065
0.0019586835536761545
0.0036830128744123796
0.0015467468349515373
0.0013335608940562493
0.002271194796655024
0.0004956710959038734
0.0026179636816532174
0.0007207434338121019
0.0026141296883278593
0.0012124146731873088
0.0014959607131667654
0.0051493487160033154
0.003561971535621716
0.0020116439993622046
0.006261615776502725
0.004434053429147868
0.0008326277125149462
0.0022551633168872674
0.0006612694773632847
0.005643547359419155
0.0004752428630870396
0.002065634304609542
0.002614337498824548
0.0005711130167629381
0.0023075724823702023
0.001036281096824885
0.0016740401810811142
0.0030449070091314485
0.004086018184119791
0.0027429001340087077
0.0006683822397738526
0.0002518148593621608
0.002718417835710784
0.0022015446873228295
0.002009597175722732
0.0014731171503742594
0.002157463353473261
0.0027397256487635183
4.155103532779616e-05
0.0006613717945864507
0.0019103306791460484
0.0028087793854850475
1.4481507785910758e-05
1.4481507785910758e-05
1.4481507785910758e-05
1.4481507785910758e-05
1.4481507785910758e-05
1.4481507785910758e-05
1.4481507785910758e-05
1.4481507785910758e-05
1.4481507785910758e-05
1.4481507785910758e-05
1.4481507785910758e-05
1.4481507785910758e-05
1.4481507785910758e-05
1.4481507785910758e-05
1.4481507785910758e-05
1.4481507785910758e-05
1.4481507785910758e-05
1.4481507785910758e-05
1.4481507785910758e-05
1.4481507785910758e-05
1.4481507785910758e-05
1.4481507785910758e-05
1.4481507785910758e-05
1.4481507785910758e-05
1.4481507785910758e-05
1.4481507785910758e-05
1.4481507785910758e-05
1.4481507785910758e-05
1.4481507785910758e-05
1.4481507785910758e-05
1.4481507785910758e-05
1.4481507785910758e-05
1.4481507785910758e-05
1.4481507785910758e-05
1.4481507785910758e-05
1.4481507785910758e-05
1.4481507785910758e-05
1.4481507785910758e-05
1.4481507785910758e-05
1.4481507785910758e-05
1.4481507785910758e-05
1.4481507785910758e-05
1.4481507785910758e-05
1.4481507785910758e-05
1.4481507785910758e-05
1.4481507785910758e-05
1.4481507785910758e-05
1.4481507785910758e-05
0.0020533470099402193
0.0016404848966658542
0.0027454969785648503
0.0007970308196756492
0.0009878550346200544
0.0014892131042780928
0.002729235183863636
0.000669829086596783
0.002144211279945507
0.0002860893884752379
0.001915362103494145
0.001866792137957509
0.0037378713424869596
0.0028147401280329445
0.0012568563502033062
0.001765758251674812
0.00011549906948147073
0.0008493977712623631
0.00014030963437745066
0.0008380791815703274
0.0010154772309447077
0.006571604488338174
0.0021415171071411895
0.0002716743842824682
0.003440009310947314
0.0055348263965630615
0.0031032970668435703
0.0030581025830589085
0.0019666979278463457
0.0019944548948050383
0.0013460436981297826
0.001054696775670733
0.0034594582795152064
0.0014247524858322922
0.002595188675510899
0.00473233179100692
0.0028678426300229962
0.0012481865752256727
0.0021681454050655287
0.00441376759801943
0.0027340340158380537
0.001885161303174215
0.000630713999997007
0.00033452368804520044
0.0014776365494524558
0.0011252308219134883
0.002034470939311375
0.0015282375562101897
5.474077175411543e-05
5.474077175411543e-05
5.474077175411543e-05
5.474077175411543e-05
5.474077175411543e-05
5.474077175411543e-05
5.474077175411543e-05
5.474077175411543e-05
5.474077175411543e-05
5.474077175411543e-05
5.474077175411543e-05
5.474077175411543e-05
5.474077175411543e-05
5.474077175411543e-05
5.474077175411543e-05
5.474077175411543e-05
5.474077175411543e-05
5.474077175411543e-05
5.474077175411543e-05
5.474077175411543e-05
5.474077175411543e-05
5.474077175411543e-05
5.474077175411543e-05
5.474077175411543e-05
5.474077175411543e-05
5.474077175411543e-05
5.474077175411543e-05
5.474077175411543e-05
5.474077175411543e-05
5.474077175411543e-05
5.474077175411543e-05
5.474077175411543e-05
5.474077175411543e-05
5.474077175411543e-05
5.474077175411543e-05
5.474077175411543e-05
5.474077175411543e-05
5.474077175411543e-05
5.474077175411543e-05
5.474077175411543e-05
5.474077175411543e-05
5.474077175411543e-05
5.474077175411543e-05
5.474077175411543e-05
5.474077175411543e-05
5.474077175411543e-05
5.474077175411543e-05
5.474077175411543e-05
0.001095877005930713
0.0009477244334294507
0.00011346034177001215
0.0018195939296823766
0.003154204480676593
0.0010232463363604254
0.001661224554528819
0.002336572570839183
0.0010964791748343835
0.0024134986508719666
0.0017371492788235338
0.002715179285407866
0.0008363397466767861
0.000264497583731139
0.0018719955291236876
0.000134917575829768
0.000134917575829768
0.002062468023757711
0.0033049121375243722
0.00160615742591542
0.0014805877295216022
0.0002576988295542723
0.003153614611081719
0.0022572289686488495
0.0018184961527015523
0.0024008438910368187
0.002763353923063918
0.003115559610234001
0.0034098706696647097
0.0028990428384170963
0.003661994404090545
0.005291346091724157
0.0027844673066670694
0.004300964915178884
0.004858535910785846
0.004914077245393944
0.00723227990263972
0.0003338157882716176
0.0036558877696693613
0.002256559419579871
0.0006338923186910914
0.0006338923186910914
0.001110657808829063
0.0021011085444398
0.002073603557996913
0.0005168427927981232
0.0010838509994139912
0.0005156317905088076
0.0005156317905088076
0.0005156317905088076
0.0005156317905088076
0.0005156317905088076
0.0005156317905088076
0.0005156317905088076
0.0005156317905088076
0.0005156317905088076
0.0005156317905088076
0.0005156317905088076
0.0005156317905088076
0.0005156317905088076
0.0005156317905088076
0.0005156317905088076
0.0005156317905088076
0.0005156317905088076
0.0005156317905088076
0.0005156317905088076
0.0005156317905088076
0.0005156317905088076
0.0005156317905088076
0.0005156317905088076
0.0005156317905088076
0.0005156317905088076
0.0005156317905088076
0.0005156317905088076
0.0005156317905088076
0.0005156317905088076
0.0005156317905088076
0.0005156317905088076
0.0005156317905088076
0.0005156317905088076
0.0005156317905088076
0.0005156317905088076
0.0005156317905088076
0.0005156317905088076
0.0005156317905088076
0.0005156317905088076
0.0005156317905088076
0.0005156317905088076
0.0005156317905088076
0.0005156317905088076
0.0005156317905088076
0.0005156317905088076
0.0005156317905088076
0.0005156317905088076
0.0005156317905088076
0.0005156317905088076
0.003111071428468905
0.0015153787112853884
0.002288167672924769
0.0016987150130579826
0.0002117664280092339
0.0006679819448473375
0.002270415850551876
0.001761418439013228
0.002660477015039312
0.0024837740832359964
0.0013775683491162743
0.0011915131996771639
0.0005493630813114578
0.00034602900510496493
0.0009566035973495842
0.0005823106756337747
0.0015907954669146874
0.001648743037255828
0.0012773124723356169
0.002849080076598341
0.006844437050591416
0.0065977951805791316
0.003111218715060528
0.005385405585464552
0.0035901454532265547
0.002884790102210117
0.002031294563652834
0.0034199372151399203
0.001588767885157737
0.002883971976934146
0.004479745001010537
0.0019490676825903155
0.0038792366889509916
0.0013167381693546115
0.003177981526001606
0.0008965504806260427
0.0008965504806260427
0.0033769287020209197
0.0009641745074724112
6.215234051697941e-05
0.0013395222154087352
0.0017978685806417322
0.0016464893418493924
0.0015420292827539913
0.0025287465386628558
0.000994789903508456
0.001365142701562542
0.0022299335772398227
0.0022299335772398227
0.0022299335772398227
0.0022299335772398227
0.0008174264306429141
0.0008174264306429141
0.0008174264306429141
0.0008174264306429141
0.0008174264306429141
0.0008174264306429141
0.0008174264306429141
0.0008174264306429141
0.0008174264306429141
0.0008174264306429141
0.0008174264306429141
0.0008174264306429141
0.0008174264306429141
0.0008174264306429141
0.0008174264306429141
0.0008174264306429141
0.0008174264306429141
0.0008174264306429141
0.0008174264306429141
0.0008174264306429141
0.0008174264306429141
0.0008174264306429141
0.0008174264306429141
0.0008174264306429141
0.0008174264306429141
0.0008174264306429141
0.0008174264306429141
0.0008174264306429141
0.0008174264306429141
0.0008174264306429141
0.0008174264306429141
0.0008174264306429141
0.0008174264306429141
0.0008174264306429141
0.0008174264306429141
0.0008174264306429141
0.0008174264306429141
0.0008174264306429141
0.0008174264306429141
0.0008174264306429141
0.0008174264306429141
0.0008174264306429141
0.0008174264306429141
0.0008174264306429141
0.0008174264306429141
0.0018081930196443402
0.0027713381155128588
0.0018754555542443724
0.0018427964282631609
0.0025607445459445042
0.0015677779719247213
4.204133713125264e-06
0.0017962466990031605
0.0028683859203265626
0.003747639904785288
0.0009490689508948377
0.001391661855830239
0.00573007907395838
0.0007474186345367961
0.0007474186345367961
0.0014327716766417992
0.00278292970824291
0.0025896833641507674
0.0019011739597775226
0.0025996567422549273
0.004307428574917133
0.002690703036074561
0.006262905638382492
0.006946594473851779
0.008152703846991348
0.005502942400885138
0.0006563902238325104
0.0033562694729085416
0.007345775352342243
0.003478043011223797
0.0014918319628647808
0.0035408617160250233
0.0053479403265008964
0.0033422783067626866
0.0008700247904462727
0.0039255761499400734
0.0033355559877743853
0.006585521175895512
0.005606932364955759
0.005789373289288431
0.0030530564520472496
0.0020254480261595142
0.00014689498784239974
0.0013947555433769633
0.0008264599225077584
0.0012656027183133587
0.002314003160030876
0.002309266823155242
0.002309266823155242
0.0009709222901588257
0.0009709222901588257
0.0009709222901588257
0.0009709222901588257
0.0009709222901588257
0.0009709222901588257
0.0009709222901588257
0.0009709222901588257
0.0009709222901588257
0.0009709222901588257
0.0009709222901588257
0.0009709222901588257
0.0009709222901588257
0.0009709222901588257
0.0009709222901588257
0.0009709222901588257
0.0009709222901588257
0.0009709222901588257
0.0009709222901588257
0.0009709222901588257
0.0009709222901588257
0.0009709222901588257
0.0009709222901588257
0.0009709222901588257
0.0009709222901588257
0.0009709222901588257
0.0009709222901588257
0.0009709222901588257
0.0009709222901588257
0.0009709222901588257
0.0009709222901588257
0.0009709222901588257
0.0009709222901588257
0.0009709222901588257
0.0009709222901588257
0.0009709222901588257
0.0009709222901588257
0.0009709222901588257
1.393196449982724e-06
1.393196449982724e-06
1.393196449982724e-06
1.393196449982724e-06
1.393196449982724e-06
1.393196449982724e-06
1.393196449982724e-06
1.393196449982724e-06
1.393196449982724e-06
0.0005739421756158127
0.0018149295819571483
0.002960116530177324
0.0031892345512044102
0.0019155495002372467
0.00028149139320762405
0.00103921261934418
0.002131345408219322
0.0024161732147094752
0.0006745335169583084
0.0014324382598440233
0.0037670800009059753
0.0017180903008709386
0.0021755578946283218
0.0034991555694200848
0.002312455366124069
0.0037941614419580104
0.0027786680125505836
0.000515412997177537
0.0007990293302518664
0.0018652368277755548
0.0030020226294698235
0.0026672681131752864
0.004616300530452604
0.0013131319277640387
0.002616966202303404
0.0009242038164156375
0.0027389007160626565
0.0035894571607711315
0.0014969292992318998
0.0013169649205503676
0.003659101880626395
0.001567140187471879
0.0017663970653294216
0.0014070952554811865
0.0032478972804836533
0.006348225985481177
0.006766329186262219
0.0053279931173242055
0.0038193376114863584
0.0013653139601102304
0.00155530634134612
0.002123086252406865
0.002251971079514259
0.001962618291623128
0.002852946363545661
0.0010246976968411557
0.001033288799237714
9.218745400409482e-05
9.218745400409482e-05
9.218745400409482e-05
9.218745400409482e-05
9.218745400409482e-05
9.218745400409482e-05
9.218745400409482e-05
9.218745400409482e-05
9.218745400409482e-05
9.218745400409482e-05
9.218745400409482e-05
9.218745400409482e-05
9.218745400409482e-05
9.218745400409482e-05
9.218745400409482e-05
9.218745400409482e-05
9.218745400409482e-05
9.218745400409482e-05
9.218745400409482e-05
9.218745400409482e-05
9.218745400409482e-05
9.218745400409482e-05
9.218745400409482e-05
9.218745400409482e-05
9.218745400409482e-05
9.218745400409482e-05
9.218745400409482e-05
9.218745400409482e-05
9.218745400409482e-05
9.218745400409482e-05
9.218745400409482e-05
9.218745400409482e-05
9.218745400409482e-05
9.218745400409482e-05
9.218745400409482e-05
9.218745400409482e-05
9.218745400409482e-05
9.218745400409482e-05
9.218745400409482e-05
9.218745400409482e-05
9.218745400409482e-05
9.218745400409482e-05
9.218745400409482e-05
9.218745400409482e-05
9.218745400409482e-05
9.218745400409482e-05
9.218745400409482e-05
9.218745400409482e-05
0.0021810338769305258
0.006845827913966762
0.006845827913966762
0.0016060427618306292
0.0025495093992836805
0.003803537722681405
0.000943400247582396
0.002123136653936596
0.0007318947590528198
0.0015738836521472267
0.003245939680604503
0.002129642347363428
0.0017460044308750477
0.00327591571172087
0.002584076548508155
0.0010099505445152947
0.002204495622581164
0.0030974635732110983
0.0025310310288119944
0.0003264769911302658
0.0014563975092561075
0.0023788031130615554
0.0014697060820600752
0.004874651490651647
0.009826631732169975
0.008406198019077916
0.009747950594690944
0.0032304675567944897
0.0014784895778760612
0.002144827061104106
0.0048353791813338445
0.0025620257454446677
0.0014361574107190364
0.0039675107691634
0.006382372335105869
0.0023195833337140963
0.003369942999871941
0.002817699811560997
0.003375711703932781
0.00495387057044095
0.0026305667938737337
0.0031145366649377453
0.001695522768705936
0.001695522768705936
0.002032667849490382
0.0032507737064173666
0.0011879223337018345
0.001871572921043528
0.001871572921043528
0.001871572921043528
0.001871572921043528
0.001871572921043528
0.001871572921043528
0.001871572921043528
0.0007121607167555818
0.0007121607167555818
0.0007121607167555818
0.0007121607167555818
0.0007121607167555818
0.0007121607167555818
0.0007121607167555818
0.0007121607167555818
0.0007121607167555818
0.0007121607167555818
0.0007121607167555818
0.0007121607167555818
0.0007121607167555818
0.0007121607167555818
0.0007121607167555818
0.0007121607167555818
0.0007121607167555818
0.0007121607167555818
0.0007121607167555818
0.0007121607167555818
0.0007121607167555818
0.0007121607167555818
0.0007121607167555818
0.0007121607167555818
0.0007121607167555818
0.0007121607167555818
0.0007121607167555818
0.0007121607167555818
0.0007121607167555818
0.0007121607167555818
0.0007121607167555818
0.0007121607167555818
0.0007121607167555818
0.0007121607167555818
0.0007121607167555818
0.0007121607167555818
0.0007121607167555818
0.0007121607167555818
0.0007121607167555818
0.0007121607167555818
0.0007121607167555818
0.0007121607167555818
0.0016144699841077969
0.0036858463361191455
0.0036858463361191455
0.008234743395250536
0.0067722229290434165
0.00382483043554354
0.0005177771251929503
0.0015420057214239336
0.003339503698000696
0.002475038932621418
0.0016886283649819017
0.0032555100609632974
0.0006163948177124526
0.001834538215758474
0.00444546501662897
0.0008902513530701755
0.0015099485148460084
0.0016721471201269203
0.0010932704325117405
0.0034817072396481756
0.0010733277836198333
0.0035920818398450707
0.0020126738206955597
0.002746662193135141
0.003573735137429375
0.0036253923317052126
0.003031238419098136
0.001190489256407675
0.0012999831355208383
0.0012999831355208383
0.0012999831355208383
0.002179618204738217
0.0012227163178462298
0.0001949082290979851
0.001755674044272744
0.0015435605892261135
0.006484001873887433
0.0017529224132007276
0.0030919433765011018
0.004717969360261041
0.006077464731160046
0.004865641872826886
0.0037448133925454766
0.00235258182448278
0.0015383595141645794
0.0017494184270497935
0.0012690001713252627
0.0002226865539936495
0.0002226865539936495
0.0002226865539936495
0.0002226865539936495
0.0002226865539936495
0.0002226865539936495
0.0002226865539936495
0.0002226865539936495
0.0002226865539936495
0.0002226865539936495
0.0002226865539936495
0.0002226865539936495
0.0002226865539936495
0.0002226865539936495
0.0002226865539936495
0.0002226865539936495
0.0002226865539936495
0.0002226865539936495
0.0002226865539936495
0.0002226865539936495
0.0002226865539936495
0.0002226865539936495
0.0002226865539936495
0.0002226865539936495
0.0002226865539936495
0.0002226865539936495
0.0002226865539936495
0.0002226865539936495
0.0002226865539936495
0.0002226865539936495
0.0002226865539936495
0.0002226865539936495
0.0002226865539936495
0.0002226865539936495
0.0002226865539936495
0.0002226865539936495
0.0002226865539936495
0.0002226865539936495
0.0002226865539936495
0.0002226865539936495
0.0002226865539936495
0.0002226865539936495
0.0002226865539936495
0.0002226865539936495
0.0002226865539936495
0.0002226865539936495
0.0002226865539936495
0.0002226865539936495
0.0002226865539936495
0.0012106559089249968
0.0016402706203672386
0.0013560426751759239
1.8734005075330415e-05
0.0006011842646332732
0.0024472627901983893
0.0006840193541791486
0.0016642187622194242
0.003958554874532931
0.0019084759110788998
0.004530908713077585
0.0016978273938708698
0.003407392827898807
0.0009417212010478446
0.0022891317422656845
0.0026756851099613327
0.0011888268733578938
0.0028876555946942693
0.0037795281473690114
0.0025843205150128485
0.0013069203319130084
0.006946168499731228
0.0026106750867404345
0.003572855743612555
0.001140260083468245
0.001595411444299035
0.0029709968443254737
0.0036005915969078563
0.0007415441551488211
0.005633109411755034
0.006936467947191853
0.0051733174819813665
0.0024092856187025915
0.0026642086037062572
0.0020321362430808744
0.002600293602755559
0.002166047086957212
0.001987500029135043
0.0007585791213381649
0.001542229714257175
0.0018873958523658143
0.0018873958523658143
0.0012969086321515451
0.0017070677430923074
0.0030177621268407495
0.001072584627207665
0.001554764834577104
0.0002451805179505104
0.0002451805179505104
0.0002451805179505104
0.0002451805179505104
0.0002451805179505104
0.0002451805179505104
0.0002451805179505104
0.0002451805179505104
0.0002451805179505104
0.0002451805179505104
0.0002451805179505104
0.0002451805179505104
0.0002451805179505104
0.0002451805179505104
0.0002451805179505104
0.0002451805179505104
0.0002451805179505104
0.0002451805179505104
0.0002451805179505104
0.0002451805179505104
0.0002451805179505104
0.0002451805179505104
0.0002451805179505104
0.0002451805179505104
0.0002451805179505104
0.0002451805179505104
0.0002451805179505104
0.0002451805179505104
0.0002451805179505104
0.0002451805179505104
0.0002451805179505104
0.0002451805179505104
0.0002451805179505104
0.0002451805179505104
0.0002451805179505104
0.0002451805179505104
0.0002451805179505104
0.0002451805179505104
0.0002451805179505104
0.0002451805179505104
0.0002451805179505104
0.0002451805179505104
0.0002451805179505104
0.0002451805179505104
0.0002451805179505104
0.0002451805179505104
0.0002451805179505104
0.0002451805179505104
0.0002451805179505104
0.0007802101293290298
0.0009239580609765206
0.0026456018297382443
0.0004893083623164589
0.0024733454857524435
0.004018635829415129
0.0019657239369130514
0.0017326416127413768
0.0038264329017497624
0.002755816788244831
0.001977315870526122
2.40629264240972e-05
0.0004336687777720062
0.0004336687777720062
0.0018962375691029209
0.00038829921375689146
0.0025534981689699534
0.001951506131830025
0.003584968205060961
0.0022331390745825657
0.00019276914097141745
0.0014504272426822794
0.0014331038772322003
0.002363668381602621
0.0007754922637704161
0.0009458764060147149
0.004772491720012326
0.0026783484179237742
0.003479224567872806
0.00015721269690016854
0.0010971108708251968
0.00181078827063325
0.00181078827063325
0.002399808571297541
0.0006153479829200843
0.002540485832431393
0.002097027019158187
0.000965009402026163
0.00019434885831525698
0.0015476279709315426
0.0013057151238624694
0.0017576070915884482
0.003232956027883245
0.0012777519352487686
0.00092035042557221
0.0020269703297045405
0.0036645346702872915
0.0012255565292985783
2.5891515597854667e-05
2.5891515597854667e-05
2.5891515597854667e-05
2.5891515597854667e-05
2.5891515597854667e-05
2.5891515597854667e-05
2.5891515597854667e-05
2.5891515597854667e-05
2.5891515597854667e-05
2.5891515597854667e-05
2.5891515597854667e-05
2.5891515597854667e-05
2.5891515597854667e-05
2.5891515597854667e-05
2.5891515597854667e-05
2.5891515597854667e-05
2.5891515597854667e-05
2.5891515597854667e-05
2.5891515597854667e-05
2.5891515597854667e-05
2.5891515597854667e-05
2.5891515597854667e-05
2.5891515597854667e-05
2.5891515597854667e-05
2.5891515597854667e-05
2.5891515597854667e-05
2.5891515597854667e-05
2.5891515597854667e-05
2.5891515597854667e-05
2.5891515597854667e-05
2.5891515597854667e-05
2.5891515597854667e-05
2.5891515597854667e-05
2.5891515597854667e-05
2.5891515597854667e-05
2.5891515597854667e-05
2.5891515597854667e-05
2.5891515597854667e-05
2.5891515597854667e-05
2.5891515597854667e-05
2.5891515597854667e-05
2.5891515597854667e-05
2.5891515597854667e-05
2.5891515597854667e-05
2.5891515597854667e-05
2.5891515597854667e-05
2.5891515597854667e-05
2.5891515597854667e-05
0.0028610703937087807
0.0004481367098047029
0.001448276666420082
6.111771594148781e-05
0.00010426894143028293
0.0011573966836547862
0.0015890222826869952
0.0007430196505665653
0.0016586187703419046
0.001378235846297442
0.0007613091114371099
0.004004346517849238
0.0010720940712094997
0.0018213696518230933
0.0016836525736624347
0.0021433555138641175
0.0024922772841878375
0.0018980276894006408
0.0024630088517579064
0.0010890901851044786
0.0036604902596132937
0.00861202866163776
0.011187451051814975
0.0113517564823923
0.010096601859164564
0.0025419499798209014
0.0010734263352893737
0.001428885163385651
0.00267968486282377
0.0032101631770212755
0.0007317592110934659
0.005343774634924867
0.008643813399109244
0.0054960475947637664
3.6403125537936773e-06
0.0010640448963920926
0.0017392449612263195
0.0004359681664041367
0.0064979743476780965
0.006576020891089928
8.269367982637402e-06
0.00020407084043048127
0.0010399892568574408
0.001416295092860496
0.0026511079572501674
0.001355265508740538
0.001925281502741443
0.0004645850306201271
0.0004645850306201271
0.0004645850306201271
0.0004645850306201271
0.0004645850306201271
0.0004645850306201271
0.0004645850306201271
0.0004645850306201271
0.0004645850306201271
0.0004645850306201271
0.0004645850306201271
0.0004645850306201271
0.0004645850306201271
0.0004645850306201271
0.0004645850306201271
0.0004645850306201271
0.0004645850306201271
0.0004645850306201271
0.0004645850306201271
0.0004645850306201271
0.0004645850306201271
0.0004645850306201271
0.0004645850306201271
0.0004645850306201271
0.0004645850306201271
0.0004645850306201271
0.0004645850306201271
0.0004645850306201271
0.0004645850306201271
0.0004645850306201271
0.0004645850306201271
0.0004645850306201271
0.0004645850306201271
0.0004645850306201271
0.0004645850306201271
0.0004645850306201271
0.0004645850306201271
0.0004645850306201271
0.0004645850306201271
0.0004645850306201271
0.0004645850306201271
0.0004645850306201271
0.0004645850306201271
0.0004645850306201271
0.0004645850306201271
0.0004645850306201271
0.0004645850306201271
0.0004645850306201271
0.0004645850306201271
0.001050149667870353
0.001050149667870353
0.00174434940386946
0.0018709050028820893
0.0014907170226193308
8.083574002155057e-05
0.0006055606662627982
0.0011846099634368066
0.0021387397602091697
0.00022991327548003287
0.00045009300791074274
0.0009759818140864709
0.00286142420321322
0.0015232838679745987
0.00041103099379629325
0.0005808509881661066
0.0018317103711619435
0.0007119019422964635
0.0013771577534489813
0.004102205874536877
0.004519729927719148
0.00012189376314780329
0.0038287777132931734
0.0064078142561836875
0.001631515305806582
0.0026981398869792396
0.006893252228591761
0.004677032592588767
0.007034122901614183
0.007034122901614183
0.005420467333483506
0.0017996602098366064
0.0028949133378583704
0.0014367382858287373
0.0007823748758221181
0.0016351581386128422
0.007393995150122834
0.001580296762188778
0.0007812940685912352
0.0007812940685912352
0.0023548351043381687
0.0012240851316520768
0.0012240851316520768
0.0013296687453109228
0.0004989151511685884
0.0013587935503332224
0.00031277979980192955
0.0006735232430070906
0.0006735232430070906
0.0006735232430070906
0.0006735232430070906
0.0006735232430070906
0.0006735232430070906
0.0006735232430070906
0.0006735232430070906
0.0006735232430070906
0.0006735232430070906
0.0006735232430070906
0.0006735232430070906
0.0006735232430070906
0.0006735232430070906
0.0006735232430070906
0.0006735232430070906
0.0006735232430070906
0.0006735232430070906
0.0006735232430070906
0.0006735232430070906
0.0006735232430070906
0.0006735232430070906
0.0006735232430070906
0.0006735232430070906
0.0006735232430070906
0.0006735232430070906
0.0006735232430070906
0.0006735232430070906
0.0006735232430070906
0.0006735232430070906
0.0006735232430070906
0.0006735232430070906
0.0006735232430070906
0.0006735232430070906
0.0006735232430070906
0.0006735232430070906
0.0006735232430070906
0.0006735232430070906
0.0006735232430070906
0.0006735232430070906
0.0006735232430070906
0.0006735232430070906
0.0006735232430070906
0.0006735232430070906
0.0006735232430070906
0.0006735232430070906
0.0006735232430070906
0.0006735232430070906
0.0006735232430070906
0.0011221911815641244
0.001306784241938044
0.001306784241938044
0.0021644497144414103
0.0002191556816899822
0.0010740239969946616
0.0006114652995296382
0.004931489647830447
0.004921311916915182
0.0035695151960576086
0.0011756982107802953
0.001638911886693682
0.00218280821641727
0.0009519257964545909
0.0017763084404590042
0.0011696013485287
0.003454452548273181
0.0017294444300056313
0.0022704027551065553
0.0010376200789859093
0.0027405069305865438
0.0017737254083904407
0.0023696980722329943
0.001537559838265869
9.11152834963294e-05
0.005608305749914087
0.002758067732702287
0.002431008799931165
0.003894363394642807
0.0023408697290918127
0.004267065779557267
0.005071476707259769
0.0035534136454962546
0.002913253781369819
0.0037016275048004548
0.004724080106601364
0.005612125563517005
0.002300407339845809
0.0030841892916314614
0.0025104332413580857
0.0026161494240663848
0.00019695304483859002
0.0006878390221523919
0.0011315295221644972
0.0007829200712396876
0.0019846486005067384
0.0008305735451142994
0.0015757455285896962
0.0015757455285896962
0.0015757455285896962
4.7062875728816345e-05
4.7062875728816345e-05
4.7062875728816345e-05
4.7062875728816345e-05
4.7062875728816345e-05
4.7062875728816345e-05
4.7062875728816345e-05
4.7062875728816345e-05
4.7062875728816345e-05
4.7062875728816345e-05
4.7062875728816345e-05
4.7062875728816345e-05
4.7062875728816345e-05
4.7062875728816345e-05
4.7062875728816345e-05
4.7062875728816345e-05
4.7062875728816345e-05
4.7062875728816345e-05
4.7062875728816345e-05
4.7062875728816345e-05
4.7062875728816345e-05
4.7062875728816345e-05
4.7062875728816345e-05
4.7062875728816345e-05
4.7062875728816345e-05
4.7062875728816345e-05
4.7062875728816345e-05
4.7062875728816345e-05
4.7062875728816345e-05
4.7062875728816345e-05
4.7062875728816345e-05
4.7062875728816345e-05
4.7062875728816345e-05
4.7062875728816345e-05
4.7062875728816345e-05
4.7062875728816345e-05
4.7062875728816345e-05
4.7062875728816345e-05
4.7062875728816345e-05
4.7062875728816345e-05
4.7062875728816345e-05
4.7062875728816345e-05
4.7062875728816345e-05
4.7062875728816345e-05
4.7062875728816345e-05
4.7062875728816345e-05
0.0008020185791384236
0.0008020185791384236
0.0020655091393675337
0.002163212051826521
0.0011820360032506892
0.0017914493259513441
0.0012022656036118056
0.002383154864730924
0.0005587242359156882
0.0005587242359156882
0.0027271844542171766
0.0018906006006035058
0.0006606892468407313
0.00030789866099782725
0.003615780547553794
0.0012519377469848054
0.003150814859976692
0.002927119163467937
0.0020938296047573876
0.0012185517351049782
0.002928379188560897
0.001294578436081776
0.0008890559664858498
0.0007770683077548066
0.000576175691856238
0.000770613151772881
0.0020829402391940523
0.0037392209921800826
0.00020623668997461504
0.001303317411970048
0.0019946072853593835
0.0034605251007630497
0.0017693764885453392
0.0022946786445880068
0.0033785037002070552
0.004665662325748527
0.0002702033862693508
0.0028161740254473663
0.0035715346955399636
0.006763033097798754
0.0014450637021803387
0.0015160812642416666
0.001952358234594922
0.001937333610544832
0.0021912673430926873
0.0009235409739346049
0.0008722929783089825
0.0033049505920718972
0.0006752900564681356
0.0006752900564681356
0.0006752900564681356
0.0006752900564681356
0.0006752900564681356
0.0006752900564681356
0.0006752900564681356
0.0006752900564681356
0.0006752900564681356
0.0006752900564681356
0.0006752900564681356
0.0006752900564681356
0.0006752900564681356
0.0006752900564681356
0.0006752900564681356
0.0006752900564681356
0.0006752900564681356
0.0006752900564681356
0.0006752900564681356
0.0006752900564681356
0.0006752900564681356
0.0006752900564681356
0.0006752900564681356
0.0006752900564681356
0.0006752900564681356
0.0006752900564681356
0.0006752900564681356
0.0006752900564681356
0.0006752900564681356
0.0006752900564681356
0.0006752900564681356
0.0006752900564681356
0.0006752900564681356
0.0006752900564681356
0.0006752900564681356
0.0006752900564681356
0.0006752900564681356
0.0006752900564681356
0.0006752900564681356
0.0006752900564681356
0.0006752900564681356
0.0006752900564681356
0.0006752900564681356
0.0006752900564681356
0.0006752900564681356
0.0006752900564681356
0.0006752900564681356
0.0006752900564681356
0.0030543683551562156
0.0021757306216647083
0.0014972929246552854
0.000777554427782516
0.002215509334302293
0.0021706396555675775
0.002897337292574325
0.00027766984819618725
0.0006891770769681465
0.0013367154579244308
0.0008707992134861838
0.0008948284663665112
0.0017007216503370187
0.0006118789250814167
0.0016512034066017709
0.001265001879550697
0.002142151019678814
0.0023728821743530994
0.0003689092890766044
0.0013009478394330385
0.0021077350650146867
0.0035606412416261833
7.065452279789034e-05
0.0011704478644742004
0.0029484822847681107
0.005241371630367528
0.002468697960865124
0.006279484119147289
0.006642425141064374
0.0006893590426874344
0.0009733047990576537
0.002133336396700282
0.005385462224363522
0.0015679376962326333
0.004117750836547842
0.0013789286934638239
0.0029932070422714874
0.003310507063121349
0.0005876770544792857
0.0035370296432144814
0.0020570836367127627
0.0007278948984360415
0.0011213421998208148
0.0020462408132044274
0.0009164638182863052
0.0012689956671114153
0.002332409793776733
0.0006118518158142131
0.0006118518158142131
0.0006118518158142131
0.0006118518158142131
0.0006118518158142131
0.0006118518158142131
0.0006118518158142131
0.0006118518158142131
0.0006118518158142131
0.0006118518158142131
0.0006118518158142131
0.0006118518158142131
0.0006118518158142131
0.0006118518158142131
0.0006118518158142131
0.0006118518158142131
0.0006118518158142131
0.0006118518158142131
0.0006118518158142131
0.0006118518158142131
0.0006118518158142131
0.0006118518158142131
0.0006118518158142131
0.0006118518158142131
0.0006118518158142131
0.0006118518158142131
0.0006118518158142131
0.0006118518158142131
0.0006118518158142131
0.0006118518158142131
0.0006118518158142131
0.0006118518158142131
0.0006118518158142131
0.0006118518158142131
0.0006118518158142131
0.0006118518158142131
0.0006118518158142131
0.0006118518158142131
0.0006118518158142131
0.0006118518158142131
0.0006118518158142131
0.0006118518158142131
0.0006118518158142131
0.0006118518158142131
0.0006118518158142131
0.0006118518158142131
0.0006118518158142131
0.0006118518158142131
0.0006118518158142131
0.0014175117480000115
0.001731099226254463
0.0038990476720909416
0.0014930805479979542
0.0013218841669016415
0.004098011799918684
0.006378356573095312
0.0029035987431142423
0.001411015408740444
0.0019461120149824212
0.0012070633196700148
0.0012549134680812897
0.0020293932182195206
0.0002985416219981928
0.00144040837758326
0.002243850237723153
0.0022467682081073587
0.0038111066350459905
0.0010620970788351239
0.0028880495487937337
0.0009520211731696201
0.0019090699225111692
0.0006276473469947847
0.0003710522313467787
0.0025354003183186754
0.0026964428218307092
0.0018355556305905112
0.004023249096444766
0.006442910195079386
0.0014663655101870851
0.002890663639620666
0.004525283694025097
0.001028469907883433
0.0005174343236762128
0.0013650969440933119
0.0029292455387462404
0.00020553422836682312
0.002808068676473445
0.0023683022226511146
0.0011175249872552762
0.0007850187387476719
0.0006394614582114037
0.0009036096132251175
0.0013344379402142705
0.0018079117609756852
0.002277277742989099
0.0019747891115108637
0.0031140340784993918
0.000376709160810426
0.000376709160810426
0.000376709160810426
0.000376709160810426
0.000376709160810426
0.000376709160810426
0.000376709160810426
0.000376709160810426
0.000376709160810426
0.000376709160810426
0.000376709160810426
0.000376709160810426
0.000376709160810426
0.000376709160810426
0.000376709160810426
0.000376709160810426
0.000376709160810426
0.000376709160810426
0.000376709160810426
0.000376709160810426
0.000376709160810426
0.000376709160810426
0.000376709160810426
0.000376709160810426
0.000376709160810426
0.000376709160810426
0.000376709160810426
0.000376709160810426
0.000376709160810426
0.000376709160810426
0.000376709160810426
0.000376709160810426
0.000376709160810426
0.000376709160810426
0.000376709160810426
0.000376709160810426
0.000376709160810426
0.000376709160810426
0.000376709160810426
0.000376709160810426
0.000376709160810426
0.000376709160810426
0.000376709160810426
0.000376709160810426
0.000376709160810426
0.000376709160810426
0.000376709160810426
0.000376709160810426
0.002703704753107915
0.0042078799300788745
0.0021261967460999526
0.001004494939546052
0.0018637210763527143
0.0008215920381703366
0.002264758045571749
0.0011397529582553969
0.002863689238128182
0.0007744288495597713
0.0013074712682646082
0.0021437433448945427
0.0025856317293621897
0.002944125960089046
0.000480179502037454
0.0028607187016112504
0.0011538735164093653
0.002022632568042085
0.0015360457138649572
0.0013178959854374815
0.0017759567066349359
0.002090249535188303
0.002944220583308328
0.0005384687610238449
0.0005384687610238449
0.0050736529950848415
0.007274736314901735
0.004967405530363922
0.0033805480894735047
0.005517884807763902
0.008259287849851627
0.0007329972078395936
0.0027308270431369132
0.00045211912163193885
0.00045211912163193885
0.0016547995252858614
0.00638817153341076
0.0038193600368083705
0.005380589750344485
0.0028503039001436855
0.0026221592312825146
0.0012689383757496307
0.0012689383757496307
0.0005345043479949882
0.001729153293304343
0.002958041359228288
0.001491958867624787
0.003339598514079017
0.0011254587210108463
0.0011254587210108463
0.0011254587210108463
0.0011254587210108463
0.0011254587210108463
0.0011254587210108463
0.0011254587210108463
0.0011254587210108463
0.0011254587210108463
0.0011254587210108463
0.0011254587210108463
0.0011254587210108463
0.0011254587210108463
0.0011254587210108463
0.0011254587210108463
8.144215674595274e-05
8.144215674595274e-05
8.144215674595274e-05
8.144215674595274e-05
8.144215674595274e-05
8.144215674595274e-05
8.144215674595274e-05
8.144215674595274e-05
8.144215674595274e-05
8.144215674595274e-05
8.144215674595274e-05
8.144215674595274e-05
8.144215674595274e-05
8.144215674595274e-05
8.144215674595274e-05
8.144215674595274e-05
8.144215674595274e-05
8.144215674595274e-05
8.144215674595274e-05
8.144215674595274e-05
8.144215674595274e-05
8.144215674595274e-05
8.144215674595274e-05
8.144215674595274e-05
8.144215674595274e-05
8.144215674595274e-05
8.144215674595274e-05
8.144215674595274e-05
8.144215674595274e-05
8.144215674595274e-05
8.144215674595274e-05
8.144215674595274e-05
8.144215674595274e-05
0.0014206573930867603
0.001983191291844228
0.003857206279725251
0.0013493800454893153
0.0021939497256184635
0.0035751206658679
0.0015150999428869445
0.0015150999428869445
0.0024417474158497415
0.001126746725573861
0.002928684326096228
0.0044572039407280864
0.004194635063045066
0.0004959418905669303
0.00028020890440486664
0.0015373725189675963
0.0013571210801349648
0.0025147233838197255
0.0008503810482698174
0.0022493529405377107
0.003348591111768256
0.0010008691643200746
0.0011508232874241331
0.00229305697985741
0.0025330432627903863
0.0026410520336466094
0.0020559335053983285
0.0032831649503292813
0.001944561304575483
0.005237020932120167
0.004035731568350614
0.003176766202604198
0.002694198875333794
0.004941829252759189
0.0025468825781701163
0.003578855596631439
0.002761397501982947
0.006019499174025755
0.0019631917244601394
0.005716576149658014
0.0014620399898399219
0.0017904796253536363
0.0018424920461612487
0.0004499487006308404
0.00123030943111615
0.002475726783401442
0.0009532630204158775
0.00033225072149735435
0.00033225072149735435
0.00033225072149735435
0.00033225072149735435
0.00033225072149735435
0.00033225072149735435
0.00033225072149735435
0.00033225072149735435
0.00033225072149735435
0.00033225072149735435
0.00033225072149735435
0.00033225072149735435
0.00033225072149735435
0.00033225072149735435
0.00033225072149735435
0.00033225072149735435
0.00033225072149735435
0.00033225072149735435
0.00033225072149735435
0.00033225072149735435
0.00033225072149735435
0.00033225072149735435
0.00033225072149735435
0.00033225072149735435
0.00033225072149735435
0.00033225072149735435
0.00033225072149735435
0.00033225072149735435
0.00033225072149735435
0.00033225072149735435
0.00033225072149735435
0.00033225072149735435
0.00033225072149735435
0.00033225072149735435
0.00033225072149735435
0.00033225072149735435
0.00033225072149735435
0.00033225072149735435
0.00033225072149735435
0.00033225072149735435
0.00033225072149735435
0.00033225072149735435
0.00033225072149735435
0.00033225072149735435
0.00033225072149735435
0.00033225072149735435
0.00033225072149735435
0.00033225072149735435
0.00033225072149735435
0.00502418147304591
0.0014947276633579826
0.002070295876925937
0.0025145654570810547
0.0013334363051939776
0.0022462358258081598
0.0013710481322205196
0.004938407538670606
0.0020447891216031164
0.003492437096595258
0.003445199241555232
0.00011866936795938785
0.0008998519005137438
0.0012424875002395833
0.0016424808143520923
0.0013989792549758064
0.00022905604808022822
0.0008721679017906563
0.002590431553416519
0.0029979962938089834
0.005005580841961154
0.0014885424001191577
0.0014885424001191577
0.0022111873372545245
0.0027851451834395614
0.002052840358408176
0.00012337840238400627
0.003899240802337942
0.0014367728602783063
0.0018354228455302601
0.0032699539647056053
0.001494699647056692
0.0033522977786755513
0.0008423571101260881
0.0031037904964392807
0.0015032341880356695
0.0010212079511370854
0.000755713762215224
0.0029877292947325324
0.003954708002620092
1.9241755149289374e-05
0.0016204542081476399
0.0007147027166780873
0.0015564886363665245
0.0018275082515173651
0.0013937358003468176
0.002662614222173027
0.0031892053738589794
0.0031892053738589794
0.00039314217421965907
0.00039314217421965907
0.00039314217421965907
0.00039314217421965907
0.00039314217421965907
0.00039314217421965907
0.00039314217421965907
0.00039314217421965907
0.00039314217421965907
0.00039314217421965907
0.00039314217421965907
0.00039314217421965907
0.00039314217421965907
0.00039314217421965907
0.00039314217421965907
0.00039314217421965907
0.00039314217421965907
0.00039314217421965907
0.00039314217421965907
0.00039314217421965907
0.00039314217421965907
0.00039314217421965907
0.00039314217421965907
0.00039314217421965907
0.00039314217421965907
0.00039314217421965907
0.00039314217421965907
0.00039314217421965907
0.00039314217421965907
0.00039314217421965907
0.00039314217421965907
0.00039314217421965907
0.00039314217421965907
0.00039314217421965907
0.00039314217421965907
0.00039314217421965907
0.00039314217421965907
0.00039314217421965907
0.00039314217421965907
0.00039314217421965907
0.00039314217421965907
0.00039314217421965907
0.00039314217421965907
0.00039314217421965907
0.00039314217421965907
0.00039314217421965907
0.00039314217421965907
0.0013368738488260176
0.0017233448969085179
0.002105098757645856
0.001708012406882319
0.00044569679119141835
0.00044569679119141835
0.002643393309428043
0.0063840811849549305
0.0020497515575006496
0.001948818791983478
0.000862843444422635
0.0021916844028419457
0.003736545994786607
0.001009316213908487
0.0006896355179617419
0.0021959387313423826
0.0013733842433869968
0.0022381735766301867
0.0015087242549732724
0.0017461903056423375
0.00328719343380765
0.0019279868762531573
0.002177803109541794
0.0030018049610134236
0.00020901652437709493
0.002388909369940284
0.0001182602070353353
0.0009759598643704761
0.00015309971595303066
0.004346261897771201
0.006480396060622427
0.0010257955383772641
0.0012564548556198525
0.002612306348429439
0.0022071823844901483
0.0010804673976603297
0.0010804673976603297
0.0034807072296668034
0.005996919302087133
0.004136065090546168
0.005190373640216055
0.007012476983364732
0.006422401817757396
0.0018992429743541995
0.0010074062057637678
0.0014554683785505684
0.0010099151858644886
0.0010099151858644886
0.0010099151858644886
0.0010099151858644886
0.0010099151858644886
0.0010099151858644886
0.0010099151858644886
0.0010099151858644886
0.0010099151858644886
0.0010099151858644886
0.0010099151858644886
0.0010099151858644886
0.0010099151858644886
0.0010099151858644886
0.0010099151858644886
0.0010099151858644886
0.0010099151858644886
0.0010099151858644886
0.0010099151858644886
0.0010099151858644886
0.0010099151858644886
0.0010099151858644886
0.0010099151858644886
0.0010099151858644886
0.0010099151858644886
0.0010099151858644886
0.0010099151858644886
5.2155972230653316e-05
5.2155972230653316e-05
5.2155972230653316e-05
5.2155972230653316e-05
5.2155972230653316e-05
5.2155972230653316e-05
5.2155972230653316e-05
5.2155972230653316e-05
5.2155972230653316e-05
5.2155972230653316e-05
5.2155972230653316e-05
5.2155972230653316e-05
5.2155972230653316e-05
5.2155972230653316e-05
5.2155972230653316e-05
5.2155972230653316e-05
5.2155972230653316e-05
5.2155972230653316e-05
5.2155972230653316e-05
5.2155972230653316e-05
5.2155972230653316e-05
5.2155972230653316e-05
5.2155972230653316e-05
0.00076944187703973
0.0031568034661878753
0.002601165922627033
0.0032046439531187377
0.0009307909311134796
0.0009374449674683137
0.00029734737719006856
0.002241011831936164
0.0017091970271726586
0.0012092139436933368
0.0009712805059786784
0.0017397259990344096
0.0021328781157160487
0.002769546448317256
0.004560140516067719
0.0018317658411729897
0.0027431237097253463
0.0009096273580432611
0.0005229935544182546
0.0016918738359984044
0.0025671903653453868
0.0012136750045078745
0.004012786126653998
0.0029653368879483223
0.0016419382868003846
0.0015316091497467785
4.751787421288303e-05
0.003527573252942463
0.003565477035451142
0.0017052934047156135
0.0020193381056795457
0.009136593515247841
0.006158666553650001
0.0016657985474492583
0.0033689102064230177
0.005543171113238125
0.003934441118379353
0.0022908877983949896
0.002511850185921408
0.0038343499258317575
0.0006064953126170263
0.0023183317319029916
0.000658262532645699
0.0018439043915343943
0.001261194111361726
0.0006354383052582582
0.0013248752393402164
0.0011478790721539379
0.0011478790721539379
0.0011478790721539379
0.0011478790721539379
0.0011478790721539379
0.0011478790721539379
0.0011478790721539379
0.0011478790721539379
0.0011478790721539379
0.0011478790721539379
0.0011478790721539379
0.0011478790721539379
0.0011478790721539379
0.0011478790721539379
0.0011478790721539379
0.0001674130499977589
0.0001674130499977589
0.0001674130499977589
0.0001674130499977589
0.0001674130499977589
0.0001674130499977589
0.0001674130499977589
0.0001674130499977589
0.0001674130499977589
0.0001674130499977589
0.0001674130499977589
0.0001674130499977589
0.0001674130499977589
0.0001674130499977589
0.0001674130499977589
0.0001674130499977589
0.0001674130499977589
0.0001674130499977589
0.0001674130499977589
0.0001674130499977589
0.0001674130499977589
0.0001674130499977589
0.0001674130499977589
0.0001674130499977589
0.0001674130499977589
0.0001674130499977589
0.0001674130499977589
0.0001674130499977589
0.0001674130499977589
0.0001674130499977589
0.0001674130499977589
0.0001674130499977589
0.0001674130499977589
0.0001674130499977589
0.0006530755839819062
0.001285712913856292
0.0009608340412300748
0.0006333472801153183
0.003295314745434888
0.0020027581871291376
0.004586442869365417
0.002513112048118416
0.0005975470327979947
0.002894284136517697
0.0022705639787591715
0.002459810734312784
0.001261432624295399
0.001261432624295399
0.0019075191087021813
0.0033100580179508004
0.0012645645376822114
0.004363827535025787
0.0008201156179162886
0.0010122050278932185
0.0016402798376497726
0.0011805612979549878
0.003138737948167869
0.0024975940739386474
0.0018663219163001041
0.00484318892080654
0.0034834003693951215
0.003441204034070783
0.002119331583874213
0.0029330760523213
0.0018995731248456342
0.0023331808737579894
0.0004193583974246751
0.0012482566440263475
0.0016477380367578656
0.003355189031136499
0.0020414665016028916
0.0029345510602556794
0.004694227885113617
0.002688325864440679
0.002688325864440679
0.0008654771625975308
0.0013809550622986776
0.0018076662296777426
0.0009026606067644607
0.001709142795529456
0.002844302247685852
0.00191020933787211
0.0007010515859989744
0.0007010515859989744
0.0007010515859989744
0.0007010515859989744
0.0007010515859989744
0.0007010515859989744
0.0007010515859989744
0.0007010515859989744
0.0007010515859989744
0.0007010515859989744
0.0007010515859989744
0.0007010515859989744
0.0007010515859989744
0.0007010515859989744
0.0007010515859989744
0.0007010515859989744
0.0007010515859989744
0.0007010515859989744
0.0007010515859989744
0.0007010515859989744
0.0007010515859989744
0.0007010515859989744
0.0007010515859989744
0.0007010515859989744
0.0007010515859989744
0.0007010515859989744
0.0007010515859989744
0.0007010515859989744
0.0007010515859989744
0.0007010515859989744
0.0007010515859989744
0.0007010515859989744
0.0007010515859989744
0.0007010515859989744
0.0007010515859989744
0.0007010515859989744
0.0007010515859989744
0.0007010515859989744
0.0007010515859989744
0.0007010515859989744
0.0007010515859989744
0.0007010515859989744
0.0007010515859989744
0.0007010515859989744
0.0007010515859989744
0.0007010515859989744
0.0007010515859989744
0.0007010515859989744
0.0008025014388333396
0.0014377763104501489
0.0033732766039613307
0.0024232456396857745
0.0023970934819638303
0.0010652509965344273
0.002178907482848852
0.0016904466589723797
0.0033332705535500636
0.004144192568096871
0.0007644848435077456
0.0003041133743105482
0.00010314489774411852
0.001745992682604214
0.0006630385575605454
0.0003018148552993011
0.0018664267921457397
7.792738082513205e-05
0.001052489621239726
0.002510990059856702
0.0022014644180888936
0.000565154994647982
0.0011375663994471492
0.006354519034426001
0.004490437782315824
0.0027924863269150777
0.0036674407257384655
0.0011600289581156563
0.0013608136813129815
0.0038114725111966802
0.0009618910819643393
0.00426162586236815
0.004019115648826061
0.0015414993904394022
0.003950794286136589
0.0029312467409167006
0.0010543918497988207
0.003502354542237739
0.0019956512013598214
0.004060431849664119
0.003731856476294666
0.0013550433666300364
0.0023337752103253584
0.0029925754313043047
0.0037384462814901865
0.002784887414986263
0.003531297181708796
0.0012123508561240387
0.0012123508561240387
0.0012123508561240387
0.0012123508561240387
0.00022896793166416406
0.00022896793166416406
0.00022896793166416406
0.00022896793166416406
0.00022896793166416406
0.00022896793166416406
0.00022896793166416406
0.00022896793166416406
0.00022896793166416406
0.00022896793166416406
0.00022896793166416406
0.00022896793166416406
0.00022896793166416406
0.00022896793166416406
0.00022896793166416406
0.00022896793166416406
0.00022896793166416406
0.00022896793166416406
0.00022896793166416406
0.00022896793166416406
0.00022896793166416406
0.00022896793166416406
0.00022896793166416406
0.00022896793166416406
0.00022896793166416406
0.00022896793166416406
0.00022896793166416406
0.00022896793166416406
0.00022896793166416406
0.00022896793166416406
0.00022896793166416406
0.00022896793166416406
0.00022896793166416406
0.00022896793166416406
0.00022896793166416406
0.00022896793166416406
0.00022896793166416406
0.00022896793166416406
0.00022896793166416406
0.00022896793166416406
0.00022896793166416406
0.00022896793166416406
0.00022896793166416406
0.00022896793166416406
0.00022896793166416406
0.0015684735160796312
0.00040894537347871797
0.0015245037844615356
0.0002221989903809802
0.002448543374130326
0.0013423767829056866
0.0019324001305900727
0.002749283283600318
0.0009959963539773933
0.0013472997129587356
0.0034364553419310665
0.0048388167653599795
0.0025570863921863906
0.003204042694925878
0.001104539900308666
0.001281806477293282
0.0007592847098823611
0.0007592847098823611
0.0011545298671625515
0.0011545298671625515
0.0003402939504785702
0.0015993618703543922
0.0030990793924009444
0.0030990793924009444
0.0013791112797713941
0.005420760398399145
0.00030119003206939294
0.00012373826195040275
0.001107332112973044
0.0025482682654148145
0.002003513305282488
0.00125680895597572
0.004813490807764417
0.006061265478032851
0.0004027419296301765
0.0018577447598915994
0.0029178571213722714
0.00042801589151339817
0.0004380987495636859
0.0022286204875392873
0.002509213624886027
0.0007354127693801533
0.0012127565731734028
0.0033407996725223245
0.0018580385105972151
0.0030858674743967393
0.003887004481848513
0.0047585373372545006
0.0033812492015545727
0.0033812492015545727
0.0010938213067834737
0.0010938213067834737
0.0010938213067834737
0.0010938213067834737
0.0010938213067834737
0.0010938213067834737
0.0010938213067834737
0.0010938213067834737
0.000142401547707385
0.000142401547707385
0.000142401547707385
0.000142401547707385
0.000142401547707385
0.000142401547707385
0.000142401547707385
0.000142401547707385
0.000142401547707385
0.000142401547707385
0.000142401547707385
0.000142401547707385
0.000142401547707385
0.000142401547707385
0.000142401547707385
0.000142401547707385
0.000142401547707385
0.000142401547707385
0.000142401547707385
0.000142401547707385
0.000142401547707385
0.000142401547707385
0.000142401547707385
0.000142401547707385
0.000142401547707385
0.000142401547707385
0.000142401547707385
0.000142401547707385
0.000142401547707385
0.000142401547707385
0.000142401547707385
0.000142401547707385
0.000142401547707385
0.000142401547707385
0.000142401547707385
0.000142401547707385
0.000142401547707385
0.000142401547707385
0.001615638415400152
0.00013739020488326924
0.0009880169424143375
0.0007194866475457133
0.002742500220168361
0.0027263519137694873
0.0022941093964732907
0.001869208546912423
0.00033362771786642816
0.005100842263712406
0.0003966849994613917
0.001107844470807746
0.00360910922183166
7.750933884153807e-05
0.001542510916966615
0.0012210424222791815
0.001456358600236366
0.0016937384214390765
0.0016443479632145559
0.0020844271484408245
0.0014002350876268054
0.006137985090772318
0.0008887613980517147
0.0008887613980517147
0.004393609281892277
0.0031851846176438126
0.0042680170010372396
0.003527969106579541
0.0035773961460179166
0.007700144219785815
0.012057647234260692
0.008956294802398278
0.006108130029517211
0.0038228859455358265
0.0036466828948837197
0.005113342700048632
0.0022650766979491256
0.0021359757239177053
0.005090487711814959
0.009263600676885001
0.0006007480132137794
0.0013434243768610272
0.0007102180072254816
0.0025050304680764787
0.003263331226112667
0.0022864471851735744
0.0002788737364663673
0.0017631808512216874
0.0017631808512216874
0.000690887238115675
0.000690887238115675
0.000690887238115675
0.000690887238115675
0.000690887238115675
0.000690887238115675
0.000690887238115675
0.000690887238115675
0.000690887238115675
0.000690887238115675
0.000690887238115675
0.000690887238115675
0.000690887238115675
0.000690887238115675
0.000690887238115675
0.000690887238115675
0.000690887238115675
0.000690887238115675
0.000690887238115675
0.000690887238115675
0.000690887238115675
0.000690887238115675
0.000690887238115675
0.000690887238115675
0.000690887238115675
0.000690887238115675
0.000690887238115675
0.000690887238115675
0.000690887238115675
0.000690887238115675
0.000690887238115675
0.000690887238115675
0.000690887238115675
0.000690887238115675
0.000690887238115675
0.000690887238115675
0.000690887238115675
0.000690887238115675
0.000690887238115675
0.000690887238115675
0.000690887238115675
0.000690887238115675
0.000690887238115675
0.000690887238115675
0.000690887238115675
0.000690887238115675
0.000690887238115675
0.001012138043169654
0.00290764157621524
0.0010997393720792823
0.0017238896152904238
0.003681478053078341
0.002818050757119147
0.0019624813112653385
0.0027903619975199715
0.004757850622721697
0.00040651951283454234
0.0028921238238567726
0.0014032024004332387
0.0011197700138580193
0.0016541763932416812
0.002889926546144016
0.0020816667833562365
0.0009654588085427594
0.0013426452941174404
0.003952241909810887
0.0015313480395167927
0.001063585068052493
0.0004985379796625861
0.002768233293566248
0.0030443810228436676
0.0016444603075480187
0.0022392008074455334
0.003148293229471846
0.0008434727969711987
1.5580788617569098e-05
0.0003771350947347641
0.0033389771607871474
0.0032615210622987823
0.00246320482048013
0.002466327171912577
0.0039791395579907305
0.0013166084098945093
0.0031112706169677843
0.0010643225509865155
0.0032458505004756538
0.0018959098658064086
0.0013109362379332685
0.0013109362379332685
0.001082234862889115
0.0023889970046949037
0.0011286354629642436
0.0013564643341337633
0.0018225099224205667
0.0018225099224205667
0.0018225099224205667
0.0018225099224205667
0.00012142805229682272
0.00012142805229682272
0.00012142805229682272
0.00012142805229682272
0.00012142805229682272
0.00012142805229682272
0.00012142805229682272
0.00012142805229682272
0.00012142805229682272
0.00012142805229682272
0.00012142805229682272
0.00012142805229682272
0.00012142805229682272
0.00012142805229682272
0.00012142805229682272
0.00012142805229682272
0.00012142805229682272
0.00012142805229682272
0.00012142805229682272
0.00012142805229682272
0.00012142805229682272
0.00012142805229682272
0.00012142805229682272
0.00012142805229682272
0.00012142805229682272
0.00012142805229682272
0.00012142805229682272
0.00012142805229682272
0.00012142805229682272
0.00012142805229682272
0.00012142805229682272
0.00012142805229682272
0.00012142805229682272
0.00012142805229682272
0.00012142805229682272
0.00012142805229682272
0.00012142805229682272
0.00012142805229682272
0.00012142805229682272
0.00012142805229682272
0.00012142805229682272
0.00012142805229682272
0.00012142805229682272
0.00012142805229682272
0.00012142805229682272
0.00012142805229682272
0.00012142805229682272
0.002328733987395187
0.003364987186999193
0.0020460608953814987
6.931267363853143e-05
0.00027625797723492256
0.0021344419685427017
0.0033797113330850375
0.002276495098142124
0.00224352518478704
0.0021099538836308294
0.0013038945644695526
0.0020141957845499735
0.0021594046283404614
0.002052418434097162
0.0013576913773639706
0.003389624085782021
0.004034042751554909
0.002070468892239455
0.0036828600801569345
0.002559773530815256
0.0011495752542612881
0.00014140624481647109
0.0020634561881875146
0.0032163658989908797
0.004502855914529043
0.0018593975763228979
0.0024251348548664053
0.003692156808546296
0.0007555906450160532
0.0033659827368569123
0.003266247831592279
0.005479675659197874
0.0028557589391259063
0.002474087687270192
8.454537267419543e-06
0.0026558665455941885
0.0019075320089363922
0.0005560357102523798
0.0011560401321182127
0.0011560401321182127
0.0006176947143285096
0.00011333018947073947
0.0016726652238956865
0.001839828146633677
0.0038642190927338452
0.0008036582492465202
0.0006097357443358529
0.0006097357443358529
0.0006097357443358529
0.0006097357443358529
0.0006097357443358529
0.0006097357443358529
0.0006097357443358529
0.0006097357443358529
0.0006097357443358529
0.0006097357443358529
0.0006097357443358529
0.0006097357443358529
0.0006097357443358529
0.0006097357443358529
0.0006097357443358529
0.0006097357443358529
0.0006097357443358529
0.0006097357443358529
0.0006097357443358529
0.0006097357443358529
0.0006097357443358529
0.0006097357443358529
0.0006097357443358529
0.0006097357443358529
0.0006097357443358529
0.0006097357443358529
0.0006097357443358529
0.0006097357443358529
0.0006097357443358529
0.0006097357443358529
0.0006097357443358529
0.0006097357443358529
0.0006097357443358529
0.0006097357443358529
0.0006097357443358529
0.0006097357443358529
0.0006097357443358529
0.0006097357443358529
0.0006097357443358529
0.0006097357443358529
0.0006097357443358529
0.0006097357443358529
0.0006097357443358529
0.0006097357443358529
0.0006097357443358529
0.0006097357443358529
0.0006097357443358529
0.0006097357443358529
0.0006097357443358529
0.0006097357443358529
0.0012964741642208703
0.0012252579881533814
0.0012252579881533814
0.0039060964236310607
0.0019439819819015948
0.0020086814702254896
0.0025665568362606608
0.0016181666800457566
0.00011537914185117369
0.0014853299441834576
0.002038247615271792
0.0009459131045132727
0.002127565344438645
0.001521033643117267
0.002936412731856038
0.0008730274727140564
0.0026944458432756604
0.0025364842846480103
0.00081336459947346
0.000647576229979129
0.0014730555647192965
0.0014730555647192965
0.002734213853333445
0.0026365348665012434
0.0026365348665012434
0.003682847554749659
0.005526647790554243
0.006338820510798839
0.010083285128688033
0.009736682307502733
0.005384850937745562
0.008089301757447645
0.010702612816913537
0.013567685393060117
0.01251964749323228
0.004456476788607498
0.0014620219666233425
0.002213525622567292
0.0011502059728892245
0.0016158515681081267
0.0008967606933831752
0.0006383660106322362
0.0006383660106322362
0.002205967049297255
0.0035820146388032058
0.003025880536096469
0.0017815446527637377
0.0017815446527637377
0.0017815446527637377
0.0001287065725736156
0.0001287065725736156
0.0001287065725736156
0.0001287065725736156
0.0001287065725736156
0.0001287065725736156
0.0001287065725736156
0.0001287065725736156
0.0001287065725736156
0.0001287065725736156
0.0001287065725736156
0.0001287065725736156
0.0001287065725736156
0.0001287065725736156
0.0001287065725736156
0.0001287065725736156
0.0001287065725736156
0.0001287065725736156
0.0001287065725736156
0.0001287065725736156
0.0001287065725736156
0.0001287065725736156
0.0001287065725736156
0.0001287065725736156
0.0001287065725736156
0.0001287065725736156
0.0001287065725736156
0.0001287065725736156
0.0001287065725736156
0.0001287065725736156
0.0001287065725736156
0.0001287065725736156
0.0001287065725736156
0.0001287065725736156
0.0001287065725736156
0.0001287065725736156
0.0001287065725736156
0.0001287065725736156
0.0001287065725736156
0.0001287065725736156
0.0001287065725736156
0.0001287065725736156
0.0001287065725736156
0.0001287065725736156
0.0001287065725736156
0.0001287065725736156
0.0019876665546936967
0.0031657936453649738
0.0032833741787940125
3.848144219719936e-05
0.0008680379815253777
0.0020636109650593107
0.0002868790029501157
0.000940447651421266
0.0017122694079922294
0.002318389530309978
0.0011627671225914113
0.0007178361950964524
0.001453371855243614
0.00203690930717787
0.0012823664477644855
0.002905057909067506
0.0016987874814595513
0.0037173541006900205
0.0009629673702704961
0.0023092072547354946
0.0036032291441136137
0.0012029537406670412
0.0009572610324696286
0.0022418074079779042
0.0016257132039402909
0.005561701090381602
0.0015130570815373324
0.0026249076579452275
0.0035631818167610094
0.002920504102732211
0.0010323396672188936
0.0024568502153713527
0.005496957545055636
0.005040744807800066
0.00269669294749917
0.0028590556694101463
0.002530810779673676
0.0013360803884865935
0.004240682567560216
0.002389873786655683
0.0001154379557802062
0.0014952135013093983
0.00020686049195937093
0.0006658455727666136
0.0012342854778198246
0.0015800981739092492
0.0009783329939620318
0.0013471335957889654
0.0013471335957889654
0.0013471335957889654
0.0013471335957889654
0.00026946590218145626
0.00026946590218145626
0.00026946590218145626
0.00026946590218145626
0.00026946590218145626
0.00026946590218145626
0.00026946590218145626
0.00026946590218145626
0.00026946590218145626
0.00026946590218145626
0.00026946590218145626
0.00026946590218145626
0.00026946590218145626
0.00026946590218145626
0.00026946590218145626
0.00026946590218145626
0.00026946590218145626
0.00026946590218145626
0.00026946590218145626
0.00026946590218145626
0.00026946590218145626
0.00026946590218145626
0.00026946590218145626
0.00026946590218145626
0.00026946590218145626
0.00026946590218145626
0.00026946590218145626
0.00026946590218145626
0.00026946590218145626
0.00026946590218145626
0.00026946590218145626
0.00026946590218145626
0.00026946590218145626
0.00026946590218145626
0.00026946590218145626
0.00026946590218145626
0.00026946590218145626
0.00026946590218145626
0.00026946590218145626
0.00026946590218145626
0.00026946590218145626
0.00026946590218145626
0.00026946590218145626
0.00026946590218145626
0.00026946590218145626
0.002785665391448609
0.0003420385033647065
0.0037601095060658322
0.0020212362377271652
0.0007512088663013277
0.001565076622222254
0.002962399161649193
0.00027298950715265555
0.0023480791599338226
0.005203503524648746
0.0016046775372209336
0.0002415997708778853
0.0040532237442403194
0.00400453160447581
0.001140762525750967
0.001654223365063921
0.004208656015078567
0.0007389507150182446
0.0016222776563177518
0.001504035185454809
0.0025653077366950723
0.004598862445448034
0.0027755960283192232
0.004655476732859605
0.0017997746548836843
0.0014391397130784508
0.0015542715871632157
0.003314284894463419
0.0026197544972067343
0.001084241035967104
0.0036669883952006035
0.0027468420863749057
0.006390764981204115
0.003983351740236313
0.0040084355213684955
0.00447698227790521
0.003346409990539416
0.007157385491940003
0.0032952258309461684
0.008018885774401956
0.008423940471477515
0.0001369808767785071
0.001296475119143116
0.0005067289917283654
0.0015400714175497219
2.6893393262267858e-05
0.002618720837038623
0.00117832911655507
4.105375137380268e-05
4.105375137380268e-05
4.105375137380268e-05
4.105375137380268e-05
4.105375137380268e-05
4.105375137380268e-05
4.105375137380268e-05
4.105375137380268e-05
4.105375137380268e-05
4.105375137380268e-05
4.105375137380268e-05
4.105375137380268e-05
4.105375137380268e-05
4.105375137380268e-05
4.105375137380268e-05
4.105375137380268e-05
4.105375137380268e-05
4.105375137380268e-05
4.105375137380268e-05
4.105375137380268e-05
4.105375137380268e-05
4.105375137380268e-05
4.105375137380268e-05
4.105375137380268e-05
4.105375137380268e-05
4.105375137380268e-05
4.105375137380268e-05
4.105375137380268e-05
4.105375137380268e-05
4.105375137380268e-05
4.105375137380268e-05
4.105375137380268e-05
4.105375137380268e-05
4.105375137380268e-05
4.105375137380268e-05
4.105375137380268e-05
4.105375137380268e-05
4.105375137380268e-05
4.105375137380268e-05
4.105375137380268e-05
4.105375137380268e-05
4.105375137380268e-05
4.105375137380268e-05
4.105375137380268e-05
4.105375137380268e-05
4.105375137380268e-05
4.105375137380268e-05
4.105375137380268e-05
0.0013027745634361688
0.0001222387053426326
0.0010044255888752075
0.002794818406356877
0.001549503552399037
0.0037051185726830953
0.001383213898645434
0.0025220082223527678
0.0032660192694828807
0.004203765689398845
0.00545008153700864
0.00031299294350357627
0.0019487238900728714
0.0025424959250401114
0.003314092085221854
0.002188032980039535
0.0006960421287174146
0.0032580612452973393
0.0014185715378272185
0.0038029845928185587
0.0018876406073698618
0.0021003865528537525
0.0013405478962686887
0.0020472616975063737
0.004204409995946012
0.0015093174149282528
0.0023068093198013026
0.005365887546465208
0.0011706825181169935
0.0038865262322192945
0.002614501670168132
0.0019109007716228915
0.0019109007716228915
0.004410797433665153
0.003239855885537697
0.006954005540192567
0.005976413419594961
0.00894736760338517
0.0018545338926421948
0.0018545338926421948
0.0035956533352099786
0.00274497567244564
0.0004283967071098231
0.0011149808167623806
0.0010745312693722676
0.0018756178646654137
0.004708839812073655
0.0013473359792962746
0.0013473359792962746
0.00016619986104816952
0.00016619986104816952
0.00016619986104816952
0.00016619986104816952
0.00016619986104816952
0.00016619986104816952
0.00016619986104816952
0.00016619986104816952
0.00016619986104816952
0.00016619986104816952
0.00016619986104816952
0.00016619986104816952
0.00016619986104816952
0.00016619986104816952
0.00016619986104816952
0.00016619986104816952
0.00016619986104816952
0.00016619986104816952
0.00016619986104816952
0.00016619986104816952
0.00016619986104816952
0.00016619986104816952
0.00016619986104816952
0.00016619986104816952
0.00016619986104816952
0.00016619986104816952
0.00016619986104816952
0.00016619986104816952
0.00016619986104816952
0.00016619986104816952
0.00016619986104816952
0.00016619986104816952
0.00016619986104816952
0.00016619986104816952
0.00016619986104816952
0.00016619986104816952
0.00016619986104816952
0.00016619986104816952
0.00016619986104816952
0.00016619986104816952
0.00016619986104816952
0.00016619986104816952
0.00016619986104816952
0.00016619986104816952
0.00016619986104816952
0.00016619986104816952
0.00016619986104816952
0.0014268127231090227
0.0012036065434699547
0.002153973573299526
0.0008941684961912681
0.0008904487252118644
0.003215714682214629
0.0013555878060289171
0.0023803801990014786
0.0031016104791653683
0.0017842549894019912
0.0006862624598045373
0.0006862624598045373
0.0022084894810013105
0.002139373489341137
0.002800921861507038
0.0021433746489985103
0.0018625377842684688
0.0006668584819411339
0.001234424501343144
0.0021099124026201736
0.0008708719348056891
0.0009749183758671308
0.0009749183758671308
0.0028040312567529737
0.00390323453203338
0.002165003240693005
0.00021210517981914046
0.0008776915297969833
9.396605252618719e-05
0.0009327709580128225
0.0034277840001893482
0.0042328806796784624
0.002615928865786865
0.0037510161513828045
0.0018978659460267121
0.002293255097270162
0.00452901019180865
0.0015450144694617285
0.0008338951752070072
0.0022807909190428687
0.0028622946328329376
0.00028950996686094316
0.0010248063446364004
0.002015211305011529
0.0009401077569615186
0.0015070172144020677
0.002282000828529258
0.00288858403167577
0.0015085934306949518
0.0015085934306949518
0.00040076881362946255
0.00040076881362946255
0.00040076881362946255
0.00040076881362946255
0.00040076881362946255
0.00040076881362946255
0.00040076881362946255
0.00040076881362946255
0.00040076881362946255
0.00040076881362946255
0.00040076881362946255
0.00040076881362946255
0.00040076881362946255
0.00040076881362946255
0.00040076881362946255
0.00040076881362946255
0.00040076881362946255
0.00040076881362946255
0.00040076881362946255
0.00040076881362946255
0.00040076881362946255
0.00040076881362946255
0.00040076881362946255
0.00040076881362946255
0.00040076881362946255
0.00040076881362946255
0.00040076881362946255
0.00040076881362946255
0.00040076881362946255
0.00040076881362946255
0.00040076881362946255
0.00040076881362946255
0.00040076881362946255
0.00040076881362946255
0.00040076881362946255
0.00040076881362946255
0.00040076881362946255
0.00040076881362946255
0.00040076881362946255
0.00040076881362946255
0.00040076881362946255
0.00040076881362946255
0.00040076881362946255
0.00040076881362946255
0.00040076881362946255
0.00040076881362946255
