[0, 0, 0, 0, 0]
[-2.86905713 -3.13530763 -3.33042976 -2.99780181 -2.95635535]
[-2.70315437 -2.55873746 -2.38884667 -2.43457079 -2.17488375]
[0, 0, 0, 0, 0]
[-3.09973626 -2.92579394 -3.20416585 -2.8669629  -3.13413848]
[-2.96741574 -2.92649436 -3.06113404 -3.36936779 -2.96321302]
[0, 0, 0, 0, 0]
[-3.17885425 -2.99057266 -2.77835892 -3.16225435 -2.62736303]
[-2.06099771 -2.33386106 -2.48927654 -2.09464502 -2.32079781]
[0, 0, 0, 0, 0]
[-2.73037472 -2.97440925 -2.78663287 -2.78258736 -2.75803477]
[-2.79362928 -2.44489504 -2.62695969 -2.75785489 -2.84763812]
[0, 0, 0, 0, 0]
[-2.83680712 -2.34482002 -2.53444043 -2.75273719 -2.66439008]
[-3.09701459 -2.84146615 -2.72196176 -2.92818308 -2.52161826]
[-3.17696928 -3.19880232 -3.12794841 -2.87707323 -2.87142109]
[-2.37163398 -2.26242205 -2.17327345 -2.17848539 -2.2179004 ]
[-2.87841916 -2.67148562 -2.66305346 -2.8861107  -2.63974479]
[-2.98299674 -3.12814295 -2.8343229  -2.92142629 -2.96505373]
[-2.68382301 -2.74722403 -2.6677591  -2.74694479 -2.76862776]
[-2.95616748 -2.71606132 -2.50190435 -2.80149083 -2.70017956]
[-2.19956078 -2.32474405 -2.23448754 -2.399152   -1.99242895]
[-2.52933988 -2.85979941 -3.15878442 -3.01193661 -3.13306757]
[-2.41082509 -2.78559884 -2.87235247 -2.56714355 -2.57448304]
[-3.04804881 -2.96377233 -3.09054575 -2.84574174 -2.78895688]
[-3.04099695 -2.90829817 -3.37855621 -3.0993502  -2.83513748]
[-2.62757814 -2.6988743  -2.47156304 -2.60839295 -2.52147283]
[-2.04200017 -2.02175562 -2.09421213 -2.27719842 -2.55604211]
[-2.85880978 -2.76673988 -2.76474611 -2.99719832 -2.85036142]
[-3.14521029 -3.27897028 -3.54951129 -3.12040846 -3.3537827 ]
[-2.22238713 -2.69391819 -2.46090236 -2.66936151 -2.3764547 ]
[-2.50169517 -2.6420094  -2.63150424 -2.56658213 -2.349799  ]
[-3.21259096 -2.49584345 -2.84119474 -2.84385246 -3.08265821]
[-2.51979539 -2.37215001 -2.26866706 -2.24560722 -2.86462308]
[-3.27242729 -3.04816361 -3.49591933 -3.52906738 -3.34615056]
[-2.77639558 -2.62583093 -2.62391552 -2.38214597 -3.31200529]
[-2.43728572 -2.79241659 -2.70948124 -2.84298356 -2.17347793]
[-1.84395222 -2.11355174 -2.05484041 -2.04337099 -2.1272231 ]
[-2.4636302  -2.97588853 -2.6673821  -2.66935732 -2.65161199]
[-2.76155338 -2.97502476 -2.93774043 -2.92694653 -2.67136955]
[-2.54305864 -2.41054787 -2.51087355 -2.46328496 -2.49743269]
[-3.03973412 -2.7576903  -2.68919786 -2.80590011 -2.70643061]
[-2.40252374 -2.66889096 -2.55809959 -2.35095736 -2.50904772]
[-2.16831898 -2.25240723 -2.71647323 -2.28387064 -2.16329252]
[-2.92979919 -2.94882829 -2.91182992 -2.96791705 -3.09369026]
[-2.99317943 -3.1650258  -3.11346895 -3.26556584 -3.1956476 ]
[-2.99289051 -2.79344407 -2.98314125 -3.035629   -2.60700001]
[-2.99048584 -3.21627163 -2.97712673 -2.86545486 -2.9091527 ]
[-3.06074318 -3.17548034 -3.32405943 -3.44541431 -3.56614954]
[-3.28432259 -3.50550905 -3.21369028 -2.76039541 -3.56247424]
[-2.52735939 -3.05279671 -2.45229872 -2.62949451 -2.63423061]
[-2.82365927 -2.50312579 -2.76426754 -2.75334144 -3.0052857 ]
[-2.78137297 -2.82558322 -3.03439515 -3.14977012 -3.28466732]
[-3.17092122 -2.74056307 -2.19930973 -2.67192141 -2.85653075]
[-3.7214324  -3.09229273 -3.22669957 -3.35727489 -3.0962769 ]
[-2.91374588 -3.40779564 -3.70630071 -2.95093844 -3.15765261]
[-2.38516474 -2.07393977 -2.39802227 -2.43183391 -2.75100953]
[-2.8912406  -2.62417891 -2.63072932 -2.68034153 -2.73083753]
[-2.53557129 -2.64750476 -2.3204399  -2.74759694 -2.68881144]
[-2.96842913 -3.19642458 -2.8445922  -3.07335219 -3.28177698]
[-3.048834   -3.11142821 -2.9889641  -3.23081506 -3.42394576]
[-3.30237224 -2.91990976 -3.03466891 -3.14176149 -3.19040329]
[-3.38024953 -2.91697905 -3.33146918 -2.95522701 -3.31305508]
[-3.02455888 -3.12308787 -3.03266156 -2.87213701 -2.86181421]
[-2.92059051 -2.84880945 -3.01386442 -2.65112642 -3.08142148]
[-2.84906442 -2.76851064 -2.73758699 -2.50113966 -2.39768035]
[-2.58718199 -2.87461247 -2.68101369 -2.98881959 -2.80158586]
[-2.85664228 -2.91776252 -2.8262562  -2.24636552 -2.95675168]
[-2.77198623 -2.96048955 -2.91169425 -2.5511281  -2.7473873 ]
[-3.28183527 -3.28214219 -3.3830696  -3.63053869 -3.54618172]
[-3.05134144 -2.86529521 -2.95955961 -2.82292187 -2.75487873]
[-2.5664559  -2.74887057 -2.74215273 -2.90376672 -3.2963348 ]
[-2.71328648 -3.13008929 -3.07933659 -3.19446507 -3.39433417]
[-2.85102472 -2.9144942  -3.09742618 -3.21552865 -3.00626965]
[-2.6617053  -2.9929664  -2.68995938 -2.85720052 -2.94450601]
[-2.57745937 -2.71145356 -2.67896304 -2.67557015 -2.91602872]
[-2.66910103 -3.00017989 -2.7855938  -2.57541187 -3.06659635]
[-2.97228812 -2.6221064  -2.66044397 -2.93967314 -3.13435082]
[-2.91465521 -2.94640912 -2.98261671 -3.02544566 -3.07106507]
[-3.02186796 -2.77117175 -3.13695738 -2.61481899 -2.8111974 ]
[-3.12151252 -3.61173713 -3.3304374  -3.06855487 -3.1116019 ]
[-3.24115684 -2.82377731 -3.26742218 -3.13866    -3.02103916]
[-3.41646347 -3.01982644 -3.05240129 -3.07637955 -3.2645312 ]
[-3.03619009 -3.01509231 -2.66732136 -3.09693032 -2.63461171]
[-2.64911378 -2.99647343 -3.30543382 -2.83444563 -3.15982413]
[-3.18818872 -2.98598844 -3.31845077 -3.48596204 -3.08776392]
[-3.56814165 -3.83891091 -3.66491568 -3.18375359 -3.52288303]
[-2.59024391 -2.29394633 -2.68737607 -2.71611796 -2.78187472]
[-3.58213101 -3.9470208  -3.72673403 -3.60422615 -4.09444243]
[-2.90411411 -3.14864675 -3.1697051  -3.213427   -2.79066134]
[-3.55852013 -3.42690173 -3.32065339 -3.51094927 -3.6410383 ]
[-3.04191495 -3.1170993  -3.31170129 -3.30516093 -3.21189825]
[-3.4235317  -3.75359862 -3.43195954 -3.43145166 -3.32297373]
[-3.1832982  -3.53531439 -3.82542777 -3.70316662 -3.36033196]
[-3.63196691 -3.46222582 -3.39085948 -3.64717548 -3.28544771]
[-3.97135191 -3.63125255 -4.17781472 -3.83686232 -3.56998362]
[-3.29561725 -3.42102556 -2.68036537 -2.89376256 -3.12355486]
[-3.50664827 -3.28167575 -3.16616137 -3.80094058 -3.70842417]
[-3.71762607 -3.58807904 -3.60387614 -3.70209684 -3.7198712 ]
[-3.28131886 -3.59211042 -2.91284171 -3.03752086 -3.47610427]
[-3.60562562 -3.71100849 -3.31618557 -3.877183   -3.40073803]
[-3.37626298 -3.09162142 -3.30298791 -3.46706774 -2.89046535]
[-2.90452315 -2.90851478 -3.14134836 -2.87763609 -3.18843489]
[-3.33884403 -3.1655339  -3.4371162  -3.13752251 -3.11132241]
[-2.87731417 -3.55361991 -2.97475801 -3.23759974 -3.12342497]
[-2.96838236 -2.78573382 -3.16222837 -3.03616926 -3.12391401]
[-3.36228144 -3.23475647 -3.12792944 -3.12636683 -3.25234818]
[-3.31163609 -2.98230366 -3.05026518 -3.18473702 -3.35938245]
[-3.341308   -3.48309864 -3.57428654 -3.301837   -3.50404417]
[-3.48841948 -3.73044499 -3.81067318 -3.29734848 -3.53783662]
[-3.43142049 -3.35556871 -3.07977276 -3.63788672 -3.84587309]
[-3.92523877 -3.65664799 -3.91767456 -3.55720402 -3.7209194 ]
[-3.30874054 -3.18619859 -3.53527616 -3.24972809 -3.28212732]
[-3.45393355 -3.44067568 -3.83942028 -3.68509727 -3.70257893]
[-3.49370827 -3.75299437 -3.59386078 -3.47024928 -3.18572267]
[-3.40547356 -2.8937745  -3.1442074  -3.48472535 -3.21352164]
[-3.2273185  -2.92595643 -3.48409575 -3.68875706 -3.35099738]
[-3.28121365 -3.19094624 -3.53382093 -3.47123213 -3.4079639 ]
[-3.63597762 -3.80404842 -3.58289645 -4.05671515 -3.65508977]
[-3.82006393 -3.6188179  -3.77766725 -3.57573557 -3.98983124]
[-3.51100637 -3.6226009  -3.60765528 -3.90247995 -3.20127888]
[-3.34678385 -3.53484764 -3.20744567 -3.17283757 -3.49649735]
[-3.41852421 -3.17719899 -3.37926031 -3.13039516 -3.33640299]
[-3.58061397 -3.87011069 -3.71261971 -3.8607023  -3.76216866]
[-3.15931779 -3.08899221 -2.82973469 -3.07110856 -2.97276028]
[-3.30909564 -3.49447889 -3.35473145 -3.6690297  -3.53987642]
[-3.51312049 -3.70536931 -3.38108482 -3.48715292 -3.49837727]
[-3.98056332 -3.90596381 -3.74247272 -3.62481251 -3.74748477]
[-3.30541615 -3.20131407 -3.32183838 -3.30228853 -2.90008926]
[-4.04803678 -4.16561302 -4.03739321 -3.68185146 -4.04965369]
[-3.15648731 -4.02277492 -3.52370722 -3.78756185 -3.49393068]
[-3.8555537  -3.88938185 -3.82188983 -3.62228602 -4.27073101]
[-4.12990674 -4.16746055 -4.02972754 -4.49718316 -4.50660867]
[-4.23731032 -4.4545583  -4.08976989 -4.32942976 -4.32767113]
[-3.72261854 -3.63121639 -3.25053779 -3.4543216  -3.8980285 ]
[-4.07143577 -4.46698018 -4.09836514 -4.49461346 -3.97188505]
[-3.63640019 -3.65292861 -3.64992876 -3.78252251 -3.4458193 ]
[-3.7741406  -3.75829256 -3.76849443 -3.92863115 -3.71569508]
[-3.24946877 -2.95390033 -3.18411578 -3.3287072  -3.31867796]
[-3.98888049 -3.73318773 -3.63292285 -3.60634192 -3.98817875]
[-3.54415095 -3.2844737  -3.52879083 -3.41647465 -3.43744392]
[-3.46723188 -3.90089023 -3.62908452 -3.57597819 -3.56111186]
[-4.28283618 -4.48998933 -4.35652504 -4.27547436 -3.99058311]
[-3.45694428 -3.98878498 -3.83763954 -4.20328912 -3.53575918]
[-3.67422132 -3.68512241 -3.6191024  -3.40744383 -4.07235655]
[-4.29424254 -4.33769345 -4.44143045 -4.38601449 -4.42389204]
[-4.14574849 -4.1195161  -4.44366442 -4.19357933 -3.72960897]
[-4.01373584 -3.71760888 -3.71320418 -3.63177412 -4.07484914]
[-3.76031167 -3.94696417 -3.93488141 -3.37690445 -3.20703851]
[-3.45705323 -3.57874201 -4.14708698 -3.64933991 -3.95577669]
[-3.35339469 -4.33315355 -4.03889354 -3.65446464 -3.85639227]
[-3.36057382 -3.57185974 -3.47571717 -3.34364635 -3.64234148]
[-3.13092399 -3.15412637 -3.24734424 -3.83743938 -2.95803218]
[-4.044622   -3.79885273 -3.98496392 -4.48283037 -4.24681756]
[-4.11440921 -3.57314487 -3.63337647 -3.6784243  -3.57753594]
[-3.58588856 -3.9954581  -4.11083219 -3.49896592 -4.00842521]
[-2.97957169 -3.22924185 -3.36211626 -3.5080628  -3.29738146]
[-3.09496263 -3.73096039 -3.30720948 -3.55025873 -3.13975173]
[-3.94204416 -3.96109258 -4.25562955 -4.02663896 -3.7367405 ]
[-3.79029728 -3.67813624 -3.97454057 -3.95352573 -3.71932142]
[-4.21936763 -3.95863148 -3.87880766 -4.13240718 -4.40109811]
[-3.91317548 -4.23021584 -3.89916865 -3.83642713 -4.04474862]
[-3.63842319 -3.73186647 -3.50702996 -4.17095302 -3.66484758]
[-3.28873788 -3.53235734 -3.62163386 -3.483502   -3.79051256]
[-3.79919882 -3.69385136 -3.82474812 -3.93063956 -4.30862169]
[-3.80855139 -3.7587853  -4.36050148 -4.25944077 -4.02010043]
[-4.39073337 -3.51879358 -3.54624241 -3.73741197 -3.71574281]
[-3.4881107  -3.43847831 -3.68846731 -3.30732123 -3.37204645]
[-3.7629571  -3.88462514 -3.5686032  -3.59746129 -3.50334283]
[-4.02027768 -3.5238435  -3.67356627 -3.5656356  -3.60952554]
[-4.46142722 -4.47140694 -4.3604809  -4.48472184 -4.85722477]
[-4.26816218 -4.11141312 -4.36267561 -4.49715843 -4.54858382]
[-3.64555092 -3.63644652 -3.7645679  -3.49709268 -3.93515402]
[-4.11828801 -3.5596677  -4.05560662 -4.17622456 -3.78452169]
[-4.13176749 -4.34767692 -4.13937774 -4.53474507 -4.24384346]
[-4.05447225 -4.3349492  -4.20966988 -4.06929326 -3.8208983 ]
[-3.39577245 -4.11123342 -3.75606524 -3.60201653 -4.01429881]
[-4.56673506 -4.23966969 -4.19830539 -4.42450644 -4.55368613]
[-3.88781039 -4.19542666 -4.15417357 -3.88555773 -3.97789588]
[-4.28993086 -4.61830974 -4.16388976 -4.34126886 -3.89420354]
[-4.38636482 -4.17860467 -3.66902748 -4.01575713 -3.9837447 ]
[-4.5801911  -4.68908196 -3.94135865 -4.59930446 -4.30388206]
[-4.40713073 -4.12071368 -4.7545231  -4.52954138 -4.73310055]
[-4.36512863 -3.93863615 -4.32459424 -4.18123581 -4.25281969]
[-3.79452765 -4.06452535 -3.8450657  -4.20540505 -3.70562653]
[-3.87861852 -4.2446859  -4.3401431  -4.18950226 -4.11894933]
[-3.98838128 -4.3929246  -4.1670224  -4.13050602 -4.13989496]
[-4.37698226 -4.17767111 -4.45469482 -4.08476954 -4.03928406]
[-3.74646933 -3.94322761 -3.8640553  -4.10065762 -3.7434145 ]
[-3.58411896 -3.80106656 -3.88976089 -3.75104667 -3.55370973]
[-3.45037105 -3.43711966 -3.70201697 -3.85385436 -3.91212236]
[-4.16078659 -4.32086974 -3.77949889 -3.80344494 -4.36488811]
[-4.30301525 -4.45750206 -4.23729954 -3.92826646 -4.2903638 ]
[-3.92983176 -3.57867182 -3.57004985 -3.93414487 -4.01302969]
[-3.65765896 -3.36448607 -3.57731646 -3.87042187 -3.51861341]
[-4.08750107 -4.11163043 -3.6081065  -3.46790166 -3.86007574]
[-4.04151188 -4.26612566 -4.08020564 -4.71537387 -3.98967932]
[-4.62474849 -4.69492366 -4.55442856 -5.01302423 -4.55869   ]
[-4.22682251 -4.15426813 -4.29355999 -4.15217465 -4.28230147]
[-4.09857003 -3.83239316 -4.06181767 -4.11935582 -3.88583327]
[-4.77472695 -4.88044974 -4.71738    -5.04592078 -4.57812929]
[-4.63672969 -4.57841274 -4.54923077 -4.20449774 -4.1965932 ]
[-4.19785253 -4.00997594 -4.06841687 -4.22346123 -4.05779235]
[-4.71836563 -4.6123889  -4.86068122 -4.56795329 -5.04200381]
[-4.2638603  -4.59010559 -4.00812047 -4.17349291 -4.09503528]
[-4.24873562 -4.35218014 -3.87369313 -3.96566251 -4.2486478 ]
[-3.89090482 -4.10237605 -3.76783756 -3.98140183 -4.29031895]
[-4.574692   -4.78757791 -3.98627225 -4.10066304 -4.30909704]
[-4.04463267 -4.05936368 -3.57156996 -3.58852652 -3.43569121]
[-4.39536891 -4.23071696 -4.30763599 -4.43048948 -4.21619739]
[-4.59599095 -5.07896549 -4.80246928 -4.66157285 -4.49372295]
[-4.28005107 -4.09920623 -4.57307658 -4.44766865 -4.50086642]
[-5.01503975 -4.75399815 -4.70881561 -4.55959305 -4.8234635 ]
[-4.44899167 -4.17474478 -3.93192442 -3.97563073 -4.00909769]
[-4.84410632 -4.37440633 -4.41707537 -4.68374764 -4.92122542]
[-4.68342482 -4.41320734 -4.95550275 -4.43650217 -4.56510074]
[-3.81905698 -4.50197047 -4.27014469 -3.86872234 -4.3068521 ]
[-4.52982204 -4.77119732 -5.22893976 -4.74785019 -4.86909126]
[-4.76335254 -4.52136702 -4.16497233 -4.4063689  -4.80412618]
[-4.35557191 -4.419083   -4.61444155 -4.62856721 -5.33941519]
[-4.94588383 -4.90198985 -4.99874046 -4.71229925 -5.14486168]
[-5.07711046 -5.28588929 -5.08053884 -4.84811288 -5.10888451]
[-4.87065487 -4.7714035  -4.64237553 -4.45102185 -4.57848418]
[-4.43826898 -5.30937266 -4.6302517  -5.09503032 -4.88604689]
[-5.44480448 -5.17478502 -5.03148252 -5.37435033 -5.06365969]
[-4.56857292 -4.34671436 -4.3502464  -4.22502252 -4.45839335]
[-4.80840447 -4.86398978 -4.54422975 -4.83474131 -5.26490591]
[-4.35245596 -4.30733224 -3.83525349 -4.15883835 -4.52782668]
[-5.5280469  -5.56189208 -5.13905295 -5.53084103 -5.05493822]
[-4.02965861 -4.25625923 -4.19884231 -4.46562518 -4.16403987]
[-4.46156983 -4.42656561 -4.79286155 -4.72989108 -4.56957001]
[-3.80923582 -4.46396077 -4.20400903 -4.53847624 -4.75506874]
[-4.46004613 -5.04801947 -4.77798974 -4.60973846 -4.8046416 ]
[-4.06948951 -3.8614928  -4.22644504 -3.79585333 -4.16420523]
[-4.33266783 -4.19119758 -4.21973879 -4.34393649 -4.31098783]
[-4.22112605 -4.81150502 -4.09568756 -4.62575613 -4.45923679]
[-4.90535602 -4.38422399 -4.90045904 -5.26745358 -4.60955378]
[-4.16785034 -4.20691523 -4.30124368 -4.19508232 -4.39853891]
[-4.6551367  -5.21545792 -4.76464257 -4.72793339 -4.97278845]
[-5.24639822 -5.68270908 -5.49317509 -4.99468536 -5.80943956]
[-4.87961778 -4.519383   -4.91929808 -4.65880903 -4.6916064 ]
[-4.76140017 -4.73478018 -4.73091113 -4.42170216 -4.84977156]
[-4.47085179 -4.06131208 -3.89571613 -4.14180446 -3.94270274]
[-4.75466741 -4.81419884 -5.19243269 -5.23341703 -4.87767541]
[-4.30895654 -4.60962134 -4.20578865 -4.28359383 -3.82511386]
[-4.1103867  -4.08464875 -4.06236405 -4.24847311 -4.49138329]
[-5.26603581 -5.30412699 -5.57096103 -5.21924218 -5.25886322]
[-4.31961076 -4.61511315 -4.67261575 -4.2120134  -4.3260018 ]
[-4.42311704 -4.41691682 -4.66655217 -5.0237984  -4.01163572]
[-4.6714841  -4.34281449 -4.49101021 -3.91708117 -4.08742615]
[-4.51365363 -4.26625545 -4.45852388 -4.51370292 -4.56720742]
[-5.15134896 -4.7343872  -4.41719399 -4.66133404 -4.56600992]
[-3.80416118 -3.62617191 -3.90640588 -3.58262443 -3.57472604]
[-5.01083664 -4.6222934  -4.87341117 -5.1602141  -5.09869597]
[-3.69246659 -4.9035026  -4.06336034 -4.43631188 -4.27811708]
[-5.51408298 -5.36541264 -5.43798462 -5.35216796 -5.76145244]
[-4.85404695 -4.93399636 -5.19680663 -4.95231417 -4.77967148]
[-5.03238004 -5.14966455 -5.2826813  -5.18170867 -4.86447802]
[-5.86924157 -5.9214343  -5.71727325 -5.87131001 -5.8065947 ]
[-4.9352858  -4.84225287 -4.66523811 -4.81707821 -4.85697518]
[-5.22773557 -5.42811939 -5.23322619 -5.34527932 -5.11633202]
[-4.5424926  -4.50253402 -5.02506988 -4.8417121  -4.82071131]
[-5.05846405 -5.06426881 -5.28580314 -5.03785076 -5.18379068]
[-5.27711752 -5.52191642 -5.51234271 -5.65193695 -5.53662126]
[-4.92926085 -4.75950229 -4.99801742 -4.59849512 -5.06403722]
[-4.77286848 -4.29874213 -4.20590526 -4.54679279 -4.72490582]
[-4.85130544 -5.28502279 -5.26852479 -4.96919188 -4.74941173]
[-4.93470253 -4.74571013 -4.69971991 -4.75068203 -5.21813339]
[-5.11863326 -4.92855077 -4.64173817 -4.78865351 -4.69264945]
[-4.71293442 -5.16931385 -4.94765072 -4.90582973 -4.87720503]
[-4.47918507 -4.69842158 -4.71364669 -4.90388787 -4.51030493]
[-5.76042665 -5.69789968 -5.70388594 -5.38455909 -5.44652324]
[-5.47136191 -5.62178132 -5.40353191 -5.85805216 -5.40781813]
[-5.57242    -5.15981849 -5.55031498 -5.20012667 -5.4644897 ]
[-5.199743   -5.15534619 -4.83533664 -4.92222874 -5.31933711]
[-4.88367582 -5.28296224 -4.97594583 -5.26237443 -5.10361511]
[-5.84891833 -5.60997404 -5.31833914 -5.6065784  -5.23598259]
[-5.75479622 -5.35766478 -5.46594887 -5.36737136 -5.43891064]
[-4.95170616 -5.04834997 -5.04825537 -5.01374357 -4.71402976]
[-5.01847049 -5.06898682 -4.94349687 -5.30405714 -4.93271297]
[-5.19638962 -5.05604832 -4.99608041 -5.28019774 -5.14803322]
[-5.57972181 -5.76540588 -5.19381027 -5.29542362 -5.0938984 ]
[-4.66151366 -5.08767854 -4.77001895 -5.27988422 -5.14994644]
[-4.65374152 -5.24679695 -5.50000388 -4.98954884 -5.25536254]
[-4.88946333 -5.46711294 -5.10938182 -5.36267232 -5.13724623]
[-5.06224431 -4.68645736 -4.88239257 -5.63158856 -5.09187127]
[-4.99772314 -5.08432402 -4.91041391 -5.08242148 -4.71178427]
[-5.81978851 -5.44478126 -5.90529815 -5.32217579 -5.60351608]
[-4.48744754 -4.49828124 -4.79077921 -4.86925184 -4.36509916]
[-4.97411042 -4.84893331 -5.32698228 -4.82544689 -4.85239252]
[-5.33963473 -5.39018478 -5.08548259 -5.09130106 -4.84398509]
[-4.73459741 -4.86229889 -4.98630348 -4.73354245 -4.53717943]
[-4.56635382 -4.88337337 -4.71073287 -5.42356383 -4.93023102]
[-4.51022691 -4.28186554 -4.40053479 -4.66837426 -5.12248664]
[-4.68455371 -4.82431185 -4.92877955 -4.62177593 -4.75520222]
[-5.15686073 -4.98709113 -5.35616705 -5.65918719 -5.14398877]
[-6.02608349 -6.34366826 -6.29380951 -6.3457726  -5.81546018]
[-6.00896634 -5.83838468 -5.76237651 -5.90327501 -6.06055923]
[-6.09669628 -5.46855929 -5.90052405 -5.6701073  -6.18376511]
[-4.81793349 -5.40063283 -4.80088938 -5.347965   -5.08968612]
[-5.3275549  -5.52521521 -5.64131061 -5.73043698 -5.49050837]
[-5.38459568 -5.12491429 -5.13966207 -5.49814382 -4.96927898]
[-5.67053225 -5.69803705 -5.07501703 -5.2870141  -5.58027671]
[-5.53787626 -5.67180815 -5.68476643 -5.39891243 -5.54003383]
[-6.19538967 -6.56327248 -6.05288692 -6.15715843 -6.4815565 ]
[-5.44171972 -4.94794537 -5.34138052 -5.43125265 -5.01485034]
[-6.57728387 -6.67946662 -6.65020653 -6.57126324 -6.11676629]
[-6.53390456 -5.51738265 -6.0553799  -6.0698693  -6.05552568]
[-6.71388937 -7.61740251 -6.96018732 -7.19331874 -6.97408257]
[-5.62410188 -5.13483514 -5.45961263 -5.18830656 -5.49841672]
[-5.73588715 -5.92587573 -6.07463905 -5.60936844 -5.83406528]
[-5.21450145 -5.2251163  -5.13638527 -5.05250497 -5.11200032]
[-5.25915098 -5.44502328 -5.26364455 -5.21778359 -5.56787192]
[-6.34295408 -6.32828768 -5.96550853 -6.05152045 -6.70877094]
[-5.33958697 -5.39818623 -5.43715711 -5.58257267 -5.34180245]
[-4.83634704 -4.78783351 -5.35945712 -5.01958822 -4.871929  ]
[-6.5038915  -6.16989162 -6.06467128 -6.46326637 -5.96485587]
[-5.84016788 -5.34902433 -6.05626374 -5.46104655 -5.57286674]
[-5.92869651 -6.45027248 -6.42660811 -6.18225476 -5.89115636]
[-5.84587531 -6.12074581 -5.89611803 -6.33888039 -6.45323848]
[-5.32641737 -5.31561448 -5.19615746 -5.32651337 -5.19589937]
[-5.77289222 -5.72815616 -5.76738952 -5.6126664  -5.40878211]
[-5.7085162  -5.49852539 -5.54529727 -5.93591751 -5.69212387]
[-5.7159651  -6.11727293 -5.63106971 -5.93037548 -5.92397697]
[-5.19140094 -5.55751994 -5.31073632 -5.0754291  -4.76671802]
[-5.56383899 -5.89305811 -6.13944453 -5.60589745 -5.64407884]
[-5.44840509 -5.27279101 -4.96856482 -5.04594195 -5.4330184 ]
[-6.16049266 -6.19716212 -6.00098856 -6.25815838 -6.52100953]
[-6.64022119 -6.16032301 -6.44214373 -6.05029641 -6.37073758]
[-5.68631259 -5.70657367 -5.36163611 -5.56148656 -5.73985478]
[-5.80173249 -4.95712486 -5.45677092 -5.03222973 -5.59479521]
[-6.10147484 -5.43376648 -6.41584195 -5.52271453 -6.0019137 ]
[-5.75308008 -5.05795694 -5.86865164 -5.62469678 -6.07356316]
[-6.07948787 -6.25836395 -5.78005299 -5.84439344 -5.67468631]
[-5.3360708  -5.62806911 -5.68022369 -5.55368923 -5.05198156]
[-5.92097276 -6.13763214 -6.05280461 -6.3146619  -6.24575066]
[-6.0084358  -6.24132763 -6.23438467 -5.87708746 -6.48260964]
[-5.90422301 -6.03928567 -5.83248134 -6.16456657 -6.33647194]
[-6.49756295 -6.50142494 -7.09537913 -7.05643108 -6.77727043]
[-5.06126526 -4.8912995  -5.06757601 -4.89235844 -4.9895183 ]
[-6.65366547 -6.25472658 -6.06910802 -6.08386306 -6.2386197 ]
[-5.44515225 -5.4328347  -5.14233167 -5.29829437 -5.20966653]
[-6.71772724 -6.66905539 -6.66574423 -6.63616231 -6.89515964]
[-5.66794984 -5.43161556 -5.37795906 -5.60123449 -5.72361803]
[-7.15895236 -7.02575163 -7.01361557 -7.23641124 -7.06945225]
[-5.8873386  -6.13596791 -6.46646549 -6.06198088 -6.16365685]
[-6.16456428 -6.23155546 -6.08368274 -5.8458647  -6.0367855 ]
[-5.85781523 -6.18779119 -6.33491648 -5.48042755 -5.93858462]
[-6.47379719 -6.3175049  -6.28689417 -6.35363394 -6.44016249]
[-6.33904424 -6.41957786 -6.71680744 -6.3857141  -6.54052383]
[-6.07445977 -6.03628605 -6.17175465 -6.21370193 -5.90253354]
[-6.42712036 -6.06142676 -6.13048975 -6.28491263 -6.27483461]
[-5.96608781 -5.94989643 -5.67799911 -6.25439128 -5.93922391]
[-6.05197462 -6.08753152 -5.52204122 -5.95563846 -5.7772775 ]
[-6.00190768 -5.62014112 -5.83557041 -6.06494147 -6.00612341]
[-6.33058693 -6.4342584  -6.3904037  -6.29412922 -6.57718559]
[-6.48175342 -6.5978735  -6.59129851 -6.49428981 -6.35215234]
[-6.28042361 -6.3604801  -6.50320512 -6.0477517  -5.84055578]
[-6.56246941 -6.4236255  -6.96514866 -6.38223391 -6.50453527]
[-6.91382809 -6.89998431 -6.61255123 -6.73107142 -6.57723912]
[-6.18562704 -6.60915244 -6.14116525 -5.99566822 -6.08642964]
[-6.20516201 -6.56788173 -6.28647213 -6.47388707 -6.23344055]
[-6.44307642 -5.99135468 -5.97163755 -5.96666715 -6.05410912]
[-6.17007445 -5.99904767 -6.00649466 -6.26832545 -6.08478085]
[-6.55231269 -6.65990734 -6.72481813 -6.3291005  -6.61573051]
[-5.92595242 -5.66655044 -5.92011358 -5.91363836 -5.80309998]
[-6.14868815 -6.60517348 -6.05989494 -6.30116003 -6.40690151]
[-6.00633098 -5.75919251 -5.90886852 -6.10269846 -5.95643101]
[-5.78471766 -6.04039414 -6.23267283 -6.18082245 -6.16525209]
[-6.56334372 -6.26974396 -6.51987586 -6.49494586 -6.50597051]
[-6.88000929 -6.76131825 -6.43908875 -6.65417562 -7.12428248]
[-6.75354153 -7.25103867 -7.01676355 -7.03753413 -6.62584794]
[-6.3127956  -6.46578244 -6.32195552 -5.972185   -6.47451178]
[-6.22072171 -5.83760861 -6.32334787 -5.65471544 -6.02823593]
[-6.00440398 -6.2881478  -6.37487095 -6.23550742 -6.18254531]
[-6.35658411 -6.65025056 -6.59112429 -6.37172681 -6.08677657]
[-6.44363925 -6.06981583 -5.99814516 -6.5083724  -6.35497077]
[-5.59117336 -5.92985297 -5.75944555 -5.63025814 -5.58873823]
[-5.91609479 -6.33264377 -6.43782274 -6.47625733 -6.22071628]
[-5.87772792 -5.54784901 -5.7115094  -5.91941844 -5.741645  ]
[-6.81026647 -6.69117458 -6.60547721 -6.54679715 -6.57921246]
[-6.54941796 -6.47844344 -6.55148836 -6.49256199 -6.93406389]
[-6.33299279 -6.62382798 -6.14045336 -6.2210779  -6.16223757]
[-6.77881327 -7.00356445 -6.8870406  -6.673763   -7.03483337]
[-6.42395317 -6.58263434 -6.03539815 -6.7556193  -6.85758593]
[-6.02180803 -6.38732381 -6.24546471 -6.36289921 -6.01607255]
[-7.14739396 -6.69751376 -6.71788064 -7.05550066 -6.80141889]
[-6.91596051 -7.31468068 -6.94549371 -6.86378157 -6.66074662]
[-6.56677452 -6.48613246 -6.42083757 -6.28576821 -6.04873386]
[-7.28495695 -6.72857765 -6.82001616 -6.72694034 -6.86857984]
[-6.12857131 -6.18262136 -6.35458016 -6.35311939 -6.01023559]
[-6.58637998 -6.79052151 -6.81733554 -6.84905005 -6.77013973]
[-5.84685855 -6.05469106 -5.89544165 -5.91013135 -6.11490727]
[-7.04581966 -6.39712817 -7.27244737 -6.62257399 -6.58570318]
[-6.33079294 -6.36051847 -6.2603214  -6.54712292 -6.38403377]
[-6.84367552 -6.49921513 -6.31741691 -6.7386587  -6.75914686]
[-6.36035165 -6.66697352 -6.57941881 -6.30036485 -6.81051336]
[-6.94735809 -6.76804628 -6.54168557 -6.93461465 -6.57470836]
[-7.01128447 -7.27391409 -6.72703893 -6.65636186 -6.84669191]
[-6.49113679 -6.45246415 -6.8583371  -7.26160507 -6.96030817]
[-6.28323135 -6.10029724 -6.16867758 -6.31906207 -5.8242554 ]
[-6.47440827 -6.29179963 -6.45436333 -6.17876277 -6.30178074]
[-6.28067772 -6.13052827 -5.86544869 -5.91585616 -6.21676125]
[-6.85832401 -6.5472306  -6.57591383 -7.0022451  -6.64385598]
[-6.58923702 -6.93027231 -6.88360112 -6.54139784 -6.67727481]
[-6.354897   -6.20538554 -5.71692576 -5.70644574 -5.91638721]
[-6.56964143 -6.69962356 -6.70010475 -6.45825706 -6.43025169]
[-6.67745437 -7.02076199 -6.68687015 -7.27841228 -6.52072716]
[-6.53934509 -6.63206723 -6.06207058 -5.86637703 -6.6334113 ]
[-5.91483374 -6.48454507 -6.55205891 -6.58860162 -6.32841795]
[-7.32414154 -7.23661349 -7.30718339 -7.09077907 -7.79088734]
[-6.28422761 -6.25639329 -6.56537844 -6.32773459 -6.43632566]
[-6.45350642 -6.27939119 -6.19196798 -6.48045039 -6.20502002]
[-6.03996843 -6.655703   -6.23474534 -6.16354583 -6.63978862]
[-7.00842063 -7.27246885 -7.29277472 -7.1643612  -6.75778768]
[-6.54458836 -6.66581221 -6.5691564  -6.78561795 -6.55081457]
[-6.57828398 -6.58539426 -6.31937923 -6.83741626 -6.37796211]
[-6.56478779 -6.65363841 -6.2873396  -6.68042108 -6.25806069]
[-6.19582398 -6.18248885 -6.09328342 -5.72946297 -6.31130939]
[-6.67925593 -6.29384046 -7.16854116 -6.81869027 -6.35411502]
[-6.69344317 -6.46519196 -6.99751371 -7.02963697 -6.78124848]
