[0, 0, 0, 0, 0]
[-26.90957415 -27.37735506 -27.05854013 -26.98663634 -26.80829573]
[0, 0, 0, 0, 0]
[-27.58943323 -26.30953489 -26.70746491 -25.98228302 -27.8098968 ]
[0, 0, 0, 0, 0]
[-27.91979854 -26.13149024 -26.31644043 -26.86792421 -26.44580975]
[0, 0, 0, 0, 0]
[-26.3035287  -26.09668882 -27.61337512 -25.76293053 -26.33988221]
[0, 0, 0, 0, 0]
[-28.21215135 -27.99343586 -27.24139365 -27.58050489 -29.04042125]
[-29.87037527 -28.39325282 -28.26996154 -28.24515007 -29.32179379]
[-29.78655163 -29.08437211 -29.96987716 -28.99658828 -29.89994468]
[-30.62198987 -29.79862628 -30.54983559 -30.98720055 -31.34107031]
[-30.88305672 -31.83248664 -32.50631364 -32.32867862 -32.41074514]
[-30.7715386  -31.43834159 -31.74015137 -31.6131414  -30.43777902]
[-37.22452605 -37.28356291 -36.54701982 -36.31507561 -38.12928695]
[-37.73931243 -38.01713208 -37.86294515 -38.14165961 -36.17892615]
[-36.91909169 -37.59639068 -37.91165237 -36.4155557  -37.70645136]
[-35.8271318  -35.51803816 -37.67894257 -34.50998664 -33.53448318]
[-36.97553761 -37.59621636 -38.42754074 -37.26125762 -37.30487685]
[-35.76068069 -38.40205977 -37.0508688  -38.10871762 -36.5517283 ]
[-36.12603418 -35.00562238 -35.91234623 -35.82508846 -36.37176286]
[-35.57475143 -35.7950174  -34.45879671 -36.62623322 -35.04392342]
[-36.11786185 -36.76668883 -36.87481878 -35.8690209  -34.95961596]
[-36.45471118 -37.94285757 -36.54282069 -36.97093168 -35.11169079]
[-42.12130552 -41.23607148 -39.93322472 -40.67355268 -40.94609352]
[-41.52839693 -41.73828805 -41.11508691 -41.14552115 -41.99683733]
[-41.43443241 -42.80368683 -42.5605557  -42.129673   -42.05015237]
[-42.3952157  -42.98643619 -41.13974437 -42.68031662 -43.27451119]
[-39.74990014 -39.74588681 -39.66931952 -38.98563691 -39.41409826]
[-44.3677016  -44.87026367 -43.86652748 -45.25714448 -44.53285052]
[-43.36169297 -43.32195079 -42.94089311 -43.76977012 -45.22650703]
[-42.73647217 -42.41487124 -44.26307153 -43.40503963 -43.02250335]
[-43.02783511 -43.44822035 -43.65670001 -44.60498816 -44.12530507]
[-43.36421066 -42.61714118 -42.9961157  -41.92553539 -43.33468677]
[-47.1752365  -47.52060825 -47.5248488  -47.84297614 -47.63248301]
[-47.75389737 -48.65968004 -46.6335847  -48.32322299 -47.33746669]
[-45.86032421 -46.24880267 -45.75555375 -45.99896625 -47.07356349]
[-47.89139246 -46.38553553 -47.51665515 -46.81848848 -46.92617521]
[-47.06035823 -48.77475753 -48.19089991 -46.74709299 -48.05637935]
[-49.74945931 -49.49739536 -48.4926936  -50.48112054 -50.85382682]
[-53.20891613 -52.58942759 -51.16004248 -53.19758823 -53.30678872]
[-51.12789408 -50.104495   -53.00596464 -50.69399784 -51.15690415]
[-53.0709135  -52.66650809 -52.37723273 -52.24165525 -50.70284642]
[-52.80380024 -51.07979489 -51.48803158 -50.89536904 -52.203107  ]
[-60.6468024  -61.90916182 -59.73577864 -60.18896832 -58.96283016]
[-59.78474589 -58.70121853 -58.47357802 -58.47226178 -58.10062533]
[-59.62927274 -60.86223697 -59.71157586 -60.02990625 -60.42239022]
[-59.73704313 -60.53779436 -60.99516784 -60.9456776  -59.429739  ]
[-58.19559832 -59.52873732 -60.19166303 -58.58272686 -58.68495368]
[-68.98734608 -68.43956654 -68.49285735 -69.33247678 -65.90091295]
[-67.29485162 -68.70165978 -67.90710238 -68.49189021 -68.92307545]
[-68.21405935 -67.42718193 -66.66455873 -68.21685609 -67.93808678]
[-67.49905179 -67.42381273 -68.10672502 -67.83063562 -68.469807  ]
[-67.95506031 -66.80888635 -67.60318235 -67.93513266 -66.35197961]
[-69.78055216 -69.12211133 -67.90384536 -68.80619045 -68.08013072]
[-65.91920177 -66.83190437 -66.8133956  -66.76631888 -66.30626173]
[-68.46855128 -69.23887141 -69.18141454 -68.54716896 -68.51531805]
[-67.97185524 -67.79985393 -66.67620293 -66.63673158 -68.1658598 ]
[-67.76973035 -65.85780606 -66.92777782 -67.2034204  -68.605896  ]
[-68.36876444 -67.38001814 -66.91890978 -68.27989081 -67.26708817]
[-68.63965883 -68.37735151 -69.18638969 -68.18285135 -68.94173146]
[-69.44864502 -70.39598456 -70.23414356 -69.53710591 -72.20669097]
[-69.41834328 -69.05878784 -68.6455413  -67.88517425 -68.55246075]
[-70.3216063  -71.65195603 -70.13431372 -69.80755361 -69.40918525]
[-73.54558321 -72.99535496 -71.63189127 -74.33981875 -71.47517862]
[-71.13661381 -70.12413732 -71.390954   -69.83405988 -71.15069001]
[-72.85111805 -71.2056754  -71.90171699 -73.35533643 -72.01719081]
[-72.5570446  -73.01739484 -73.00386123 -71.5074259  -71.1908568 ]
[-72.80414032 -73.25691879 -73.22549185 -72.23224509 -72.3589303 ]
[-79.96387248 -81.4788385  -81.61569617 -80.63809233 -81.62183026]
[-80.67906111 -80.16867572 -80.81300076 -80.81393574 -80.99154041]
[-78.83085217 -78.3070873  -78.4698172  -77.82566754 -78.14971527]
[-76.38202155 -77.7017939  -76.83494201 -78.43341283 -77.84093647]
[-79.49392111 -78.78330866 -78.79939763 -79.63131237 -78.84997891]
[-77.11588231 -76.99360125 -75.13953881 -77.90507618 -76.5177296 ]
[-76.08871416 -76.45338273 -75.02665323 -76.24146571 -76.35009854]
[-76.63631925 -77.1835774  -77.85447098 -78.8171439  -77.555051  ]
[-76.92549528 -77.06209199 -75.52253082 -77.19345286 -76.26366633]
[-76.39923217 -77.14824473 -76.77554409 -77.1179927  -76.1756294 ]
[-72.40004798 -70.47581302 -71.71307017 -69.67013201 -69.5513989 ]
[-72.80158406 -70.96892926 -71.51273435 -72.05489245 -71.37745243]
[-71.46526396 -71.1210748  -71.18613378 -71.30447199 -70.49131016]
[-71.24654956 -71.44010678 -69.94391247 -70.09187356 -72.37037056]
[-72.63331641 -71.92275276 -72.71237578 -72.28995027 -72.16081085]
[-70.88698946 -71.9850004  -71.54619445 -71.73404619 -70.59747507]
[-75.14443803 -74.74191529 -74.4147619  -73.04202418 -72.16110307]
[-75.37007297 -75.31892443 -73.45167207 -74.02823238 -75.2922143 ]
[-72.80446468 -73.07378612 -72.74476771 -73.0701377  -72.94293222]
[-74.60527532 -73.38978763 -74.82028025 -73.07810671 -76.14976346]
[-70.2887785  -67.77572588 -68.96061129 -68.15034623 -69.11038989]
[-70.26052355 -66.9751947  -69.91182265 -69.73535125 -69.19860864]
[-68.039613   -68.74496109 -67.7191222  -66.83728803 -68.19274627]
[-72.4265263  -72.81571896 -72.63451971 -71.70270268 -74.16542976]
[-70.66345026 -70.80491257 -71.22552874 -71.71353115 -68.94006123]
[-71.53744109 -69.65469703 -67.92860404 -70.73035979 -70.04832769]
[-71.688386   -73.03093947 -71.83543619 -70.79722049 -71.1777642 ]
[-68.7603956  -71.95857007 -69.35404732 -69.76888276 -70.40079333]
[-71.83535149 -72.69141632 -72.72881542 -71.91846073 -72.11004936]
[-68.84524136 -69.94267957 -71.1090361  -70.55929165 -71.1606888 ]
[-77.35805692 -77.03415203 -77.53517305 -74.56956895 -77.09766303]
[-77.53259494 -78.50050143 -78.48192849 -78.05324521 -78.05208646]
[-76.35969923 -77.17133727 -77.97879038 -77.08516557 -76.31382638]
[-75.04863169 -76.24537169 -75.57683063 -73.93789205 -74.60023513]
[-79.2131346  -80.21622282 -78.93310936 -78.28347845 -78.62373946]
