[0, 0, 0, 0, 0, 0, 0, 0]
[-40.25594096 -40.02414014 -39.58712632 -39.95788335 -38.65058301
 -38.26164374 -39.65592636 -38.80232216]
[-46.40008283 -45.82511375 -46.60279421 -47.18206714 -47.13461351
 -46.49091717 -45.84655936 -47.18430315]
[-44.74055839 -43.96864572 -45.19343641 -44.05403827 -45.32663062
 -45.83734465 -44.45387241 -45.99083356]
[-45.90883672 -45.90791921 -43.89730526 -45.25173864 -45.51883288
 -42.96450134 -44.48392802 -45.78255336]
[-47.62893739 -47.19157614 -48.16316376 -47.88763823 -48.69572265
 -47.81671492 -47.91923017 -48.04597287]
[-50.82126653 -51.68658623 -49.54981497 -51.99519164 -50.37206781
 -50.9131302  -49.95579363 -50.60962297]
[-49.38261872 -48.46011254 -48.48377832 -50.81238881 -49.77274469
 -48.69202747 -49.92553399 -48.77586891]
[-56.93745515 -56.03465124 -56.33017537 -57.83828755 -57.86663904
 -55.96436856 -58.37108252 -57.41015121]
[-56.77117212 -55.84588751 -57.86291106 -56.9107052  -56.93718237
 -56.07340232 -54.56643738 -55.62034709]
[-61.88444003 -62.10425769 -60.57507707 -62.31546499 -62.80558368
 -62.05869396 -63.48651405 -61.56082895]
[-61.63066186 -61.87271027 -61.71033498 -61.31379864 -61.52947055
 -59.96058205 -62.43937064 -59.49935882]
[-70.63751029 -70.76488515 -69.59046505 -69.13269487 -69.1901279
 -69.02590642 -69.06839898 -69.48166709]
[-64.65310581 -66.05179165 -64.72248224 -64.37163872 -64.54567721
 -64.591584   -64.92655098 -65.5549481 ]
[-72.52196823 -74.00876943 -73.00854548 -72.28867495 -73.76401893
 -73.7906242  -71.8891862  -73.46903081]
[-71.79542867 -71.28304751 -71.68704658 -73.29144426 -71.39475009
 -70.44002198 -70.94821425 -71.30038902]
[-78.76021791 -78.09893193 -77.67514606 -78.45994257 -77.7170528
 -78.5486553  -76.32399004 -77.15704077]
[-74.9652142  -77.20144291 -76.38035793 -77.50574946 -76.60047294
 -76.60238501 -76.02736376 -75.95493789]
[-67.79988431 -67.32414035 -67.77693852 -68.24132618 -68.76519922
 -68.04295634 -66.9011482  -67.32004029]
[-68.61474496 -68.94092404 -70.54298414 -70.68930128 -68.33011924
 -69.09826172 -69.23984253 -70.43187004]
[-68.43147146 -68.7528403  -69.74536162 -68.75507372 -69.57521966
 -68.93993522 -69.57420313 -68.69731487]
[-69.43329337 -65.7803209  -68.31074907 -68.53012099 -68.69931784
 -67.64282352 -68.66681053 -69.19498364]
[-66.42574587 -65.81293801 -65.93764704 -64.43561656 -65.11716029
 -66.57006502 -66.14106475 -65.93502708]
[-61.15605062 -60.16529601 -61.90803053 -61.92385551 -61.29411126
 -61.83913964 -61.47501712 -61.30895006]
[-59.35630321 -59.8187295  -58.52500452 -59.18597035 -60.13869573
 -60.01448814 -59.1214931  -60.25691189]
[-63.56188629 -64.40490647 -64.07534102 -63.01269721 -63.04717612
 -64.36737482 -65.08779031 -64.02515946]
[-74.29078059 -74.20866918 -73.9522351  -72.65286807 -73.5020031
 -72.37373217 -73.8549215  -74.2053342 ]
[-80.58582152 -79.59759258 -78.78137215 -79.57909823 -79.59380114
 -80.85146866 -79.28723825 -78.38466095]
[-71.06693262 -73.70029748 -72.27787862 -72.64122714 -72.13217389
 -72.03295185 -72.89463415 -72.83721301]
[-72.75735841 -72.08771162 -72.14679229 -71.17954338 -72.54245268
 -72.2500157  -71.9913645  -70.64705709]
[-77.63307738 -75.92823547 -76.91539334 -77.0935346  -76.52319306
 -76.52881541 -77.35695727 -76.84226945]
[-83.07059144 -83.05234923 -80.90814438 -81.20021617 -82.59051843
 -84.28003071 -82.69815473 -82.67352978]
[-74.7363682  -73.71677045 -74.84159065 -74.91663375 -74.0509282
 -75.59401928 -74.32912925 -75.35007567]
[-72.20373894 -72.45925646 -73.57967532 -73.05207212 -70.73892606
 -74.45553348 -73.01528501 -72.04178873]
[-66.12171245 -66.73069936 -66.05399844 -67.29189949 -66.41455898
 -65.34707866 -66.70064593 -67.58598953]
[-64.02710095 -61.66869652 -62.51624129 -63.62716799 -63.90344992
 -62.94803651 -63.14515229 -62.47941725]
[-66.31050148 -66.30099999 -66.14010639 -65.79166959 -67.30707965
 -65.32176536 -66.9479136  -68.0439331 ]
[-69.68126601 -70.5966339  -69.82042668 -69.49402773 -68.74033501
 -70.55185141 -68.30358592 -69.47680852]
[-68.91195981 -70.99123197 -69.42939425 -70.8216622  -71.64435154
 -70.593253   -69.1812087  -69.85845532]
[-64.53057772 -63.35026815 -65.32800037 -63.89025864 -62.95586386
 -64.74249656 -64.95636812 -64.27622377]
[-69.60438943 -68.00250915 -69.52542603 -67.72795689 -68.2224617
 -69.15280406 -69.20367272 -69.57963309]
[-66.21004149 -67.95838413 -66.45016295 -69.07868889 -66.62846014
 -67.62780269 -68.01691037 -68.41538777]
[-74.17684398 -72.81753127 -73.75487078 -74.26333197 -74.94788181
 -73.32508239 -72.0817149  -74.3421669 ]
[-62.16314075 -62.00224267 -60.85884291 -61.7824943  -60.60176835
 -61.69763637 -61.45722941 -61.34032905]
[-72.47148419 -70.6242137  -70.09246748 -71.52224252 -72.02798524
 -72.75658976 -72.30702684 -72.15666035]
[-74.12710372 -73.73808922 -75.07835526 -76.25611273 -73.94973402
 -74.81817901 -75.45950751 -74.63538699]
[-73.58419154 -72.57907979 -73.9572091  -73.5026795  -71.98562948
 -72.76646091 -73.69327723 -74.16833191]
[-73.55185998 -73.50631858 -72.96052082 -73.33789721 -73.98563602
 -74.63063068 -73.57888129 -73.88170393]
[-87.06114669 -89.69151904 -88.01933165 -88.04136914 -88.74839808
 -88.83435817 -88.55861447 -89.2153346 ]
[-77.60820796 -76.65870066 -76.68862642 -77.58025217 -76.56496932
 -77.23146329 -77.08293184 -76.7287833 ]
[-83.81091315 -82.21039266 -82.20707882 -82.01303698 -82.97990258
 -83.49818812 -81.49574577 -80.98634731]
[0, 0, 0, 0, 0, 0, 0, 0]
[-94.94481184 -94.64868183 -93.64449143 -96.02266505 -95.6089351
 -96.19215075 -96.35104177 -95.00256894]
[-94.40384231 -93.42012162 -95.33767532 -93.83503391 -95.56881022
 -93.82120726 -95.28269089 -94.42048128]
[-97.88103953 -97.2400379  -98.81462006 -95.93606645 -97.36052981
 -97.72041113 -98.75839778 -98.69496219]
[-96.21647035 -94.54050274 -94.49444699 -94.20822921 -94.66447042
 -93.7646046  -94.80325564 -93.92397431]
[-97.11672655 -95.73136551 -95.61855927 -95.98494533 -94.83439864
 -95.67731412 -96.05170901 -94.91333046]
[-95.51222096 -95.93975612 -93.30014712 -96.51033049 -94.46392271
 -94.51165098 -94.74344425 -93.93483546]
[-96.38190224 -97.64836312 -95.4655555  -97.5109562  -96.62183301
 -94.79699857 -95.22830988 -96.39932864]
[-95.40189629 -96.01077961 -94.44413797 -96.86373417 -95.49061517
 -96.36357223 -96.56006724 -94.25684701]
[-92.08948796 -91.53193195 -89.26831863 -92.59934522 -91.33955989
 -92.03338202 -89.76388625 -91.57553686]
[-95.8758768  -97.71850207 -96.30203235 -96.67329354 -96.35893449
 -96.60334576 -96.17324043 -96.33072006]
[-93.48186734 -94.90254085 -93.67289744 -94.07734551 -92.20511886
 -94.32109502 -94.54136095 -93.75906348]
[-111.94577286 -111.4796083  -113.18635005 -112.29590543 -112.52423268
 -112.87515804 -112.72458686 -111.03083186]
[-116.42656465 -118.16688465 -117.79114501 -118.17131894 -117.79640696
 -117.34903946 -117.95933427 -116.2246685 ]
[-124.85576159 -123.06235879 -123.26756424 -122.97181947 -121.84828446
 -123.99881228 -122.14998898 -123.29709502]
[-104.94291894 -106.58114222 -105.37908175 -105.68094429 -104.08419841
 -106.00785345 -106.76028908 -104.85243573]
[-91.71540284 -91.75553516 -90.09084292 -90.7966511  -91.58995276
 -91.65157608 -91.07716348 -92.67903834]
[-80.72793466 -80.85482464 -82.00295211 -81.20262324 -80.96492434
 -82.83794617 -81.54413215 -81.9779786 ]
[-85.15905244 -84.91401141 -85.98896352 -85.66536769 -86.05074536
 -85.50898473 -84.11632557 -85.68424884]
[-76.14481764 -76.36508417 -75.86833245 -77.42527395 -75.31047834
 -75.90444338 -76.66046069 -75.40685142]
[-78.44959402 -78.49796419 -79.88982056 -80.06057485 -79.45193268
 -78.54895845 -78.07935277 -78.40936934]
[-69.86465259 -69.89631047 -69.59766777 -69.19004517 -69.21802625
 -70.17242264 -69.95389784 -70.18385285]
[-59.37134536 -59.65659796 -59.72100446 -58.62324563 -60.18107009
 -60.25421721 -58.72008708 -59.42543636]
[-56.86967652 -57.34134483 -56.13018355 -55.04826434 -56.24691813
 -56.61783937 -56.1039398  -57.34908799]
[-64.94187298 -64.28942733 -64.25643843 -64.04025581 -64.92303775
 -64.61445059 -65.89204396 -64.39493439]
[-63.41856997 -62.24411816 -62.99012886 -63.25837394 -62.02868228
 -62.83272227 -64.85534783 -63.24251202]
[-73.68646218 -75.20787752 -74.98887843 -73.34426345 -72.36243504
 -72.98801175 -73.86738673 -75.23937996]
[-71.74532186 -71.38942182 -72.72879425 -71.5076545  -70.15435677
 -72.82566867 -71.91216037 -71.41083708]
[-76.12720165 -75.42867964 -73.44839992 -75.16020237 -74.30815098
 -74.88585875 -75.65948993 -75.69804948]
[-67.75599224 -69.11942143 -66.49223315 -69.5437552  -69.92175312
 -67.65946309 -69.11750013 -68.77881061]
[-67.15611617 -67.04411524 -68.60525128 -67.70707561 -67.67356228
 -68.59227869 -67.60417945 -68.1535005 ]
[-69.11643831 -70.4712601  -70.98838667 -69.01925907 -71.44994272
 -69.97112029 -70.84743812 -70.99461125]
[-77.56693662 -77.96050896 -78.21129336 -77.87141103 -77.7168738
 -77.00900138 -77.96550007 -77.20693048]
[-89.87266484 -90.80713874 -88.94066623 -88.00619027 -90.6645329
 -89.11964965 -88.06285634 -89.95217495]
[-81.21881682 -80.61204498 -81.81595321 -81.54728115 -82.50919024
 -80.18798407 -81.36510337 -80.90211862]
[-85.58733293 -85.10094736 -84.99653202 -85.72401303 -83.94658578
 -85.98562265 -85.79964362 -86.07751778]
[-101.60339559  -98.81327096  -99.05274123  -98.79253055  -99.94741869
 -100.51947261 -100.87640835  -99.43461097]
[-96.28600057 -95.23197121 -93.79410458 -93.71040873 -93.96508706
 -93.15655805 -92.82843298 -93.81068397]
[-107.66454417 -108.05315831 -106.53007538 -107.52585776 -108.00492912
 -108.31571197 -104.97359638 -107.08129068]
[-104.50231055 -104.96253232 -105.96917626 -106.05596546 -106.15426022
 -106.29229836 -104.35781832 -106.4650665 ]
[ -99.02414595  -99.82156746  -98.27577252 -100.04629919 -100.77314949
 -100.15203661  -97.07597527  -99.39372699]
[-105.05016842 -104.20706323 -105.2456845  -105.88002359 -105.7822996
 -105.51539243 -104.74116948 -104.26229016]
[-123.50480846 -123.37528029 -122.80679668 -123.16191121 -123.87865183
 -124.39082491 -122.31497837 -123.70063001]
[-123.27426556 -124.82837971 -124.34551617 -124.98072394 -122.94341615
 -124.77367801 -123.96521413 -124.2048565 ]
[-136.96916778 -137.51008342 -136.13917842 -137.88138143 -136.57175584
 -134.11630388 -135.15692151 -135.13541494]
[-130.22660304 -130.6791598  -132.08868895 -131.30536887 -130.33957189
 -130.69222976 -132.50237825 -131.8214368 ]
[-117.08593244 -118.1291365  -118.07571524 -116.35331916 -116.47222246
 -119.52337417 -116.69608878 -116.67883144]
[-96.25296586 -96.78747578 -95.59843868 -95.32765099 -94.74388221
 -96.14498174 -95.2428817  -95.62227308]
[-107.48702555 -107.66279628 -107.1411458  -107.26570784 -106.4617324
 -108.02347821 -106.96085078 -108.25260144]
[-116.68057543 -113.61804505 -116.90655735 -113.54254866 -114.93151054
 -113.00857603 -115.81858186 -116.26874521]
[-120.6046986  -119.51674201 -120.69231574 -120.25676905 -121.39855464
 -121.18210501 -119.77802722 -120.29408766]
[-116.55006453 -118.39052813 -117.2512479  -117.56886268 -117.01751476
 -116.80209076 -117.70342403 -117.67628087]
[-119.81692056 -120.141749   -122.61098495 -119.05919032 -120.37717141
 -121.07394077 -119.57678055 -120.43415914]
[-119.08400902 -118.26230935 -120.69467177 -120.46750009 -119.08828396
 -120.04434156 -118.74560724 -119.309656  ]
[-98.89416645 -95.18469037 -96.7482716  -97.55203625 -99.78265351
 -97.3424906  -97.94437249 -96.26169108]
[-110.96539061 -110.3160588  -112.30226013 -112.53322825 -110.98224404
 -112.47979304 -110.214233   -112.7229432 ]
[-106.90748165 -104.96784048 -105.2725719  -104.28862066 -106.63489278
 -107.54877386 -106.06224197 -106.39075039]
[-125.08942743 -124.76400646 -126.88686441 -126.26494751 -125.70386925
 -126.26354443 -124.68857719 -124.7871194 ]
[-139.43878936 -138.64935379 -139.20962894 -139.5370319  -139.96693222
 -139.62395574 -139.31863432 -139.55103169]
[-131.65291353 -131.37104191 -130.50855957 -130.71121433 -130.89762586
 -130.00037447 -130.99726276 -131.59405638]
[-106.54170146 -106.59570864 -107.27019487 -108.9780169  -107.39470777
 -107.77425368 -108.97397836 -107.5728243 ]
[-93.35402929 -93.64506472 -92.59142624 -92.76017878 -92.04651262
 -95.45076802 -93.39648377 -94.1056699 ]
[-96.95649998 -96.53221848 -96.00941541 -96.40743523 -96.16952563
 -95.32438491 -94.12647515 -96.65962953]
[-93.24808044 -93.02242751 -94.18941611 -93.33005528 -93.78829174
 -92.79405925 -91.99313179 -93.21807175]
[-91.4424211  -93.20582731 -92.515716   -94.00959566 -92.18613765
 -93.18114205 -90.26666189 -92.46491984]
[-92.0324969  -91.61499313 -91.56838275 -92.69141238 -92.68308576
 -91.60049683 -93.21220656 -92.16490443]
[-92.31714571 -93.84581846 -92.68057456 -94.61710858 -95.30858245
 -93.28261575 -92.04274801 -92.69177354]
[-90.39186518 -91.50403141 -90.0081552  -89.89073988 -91.81636252
 -90.26801399 -90.72631251 -91.85203836]
[-91.51494171 -93.17101301 -91.9637862  -93.38909173 -92.65235241
 -91.37394512 -92.46579836 -93.03051429]
[-93.63921248 -93.00322164 -93.11377819 -91.31456947 -92.06040536
 -93.10825229 -92.60056988 -94.04169046]
[-93.3699297  -94.1552991  -93.24268025 -93.62886251 -93.09809626
 -92.56238719 -93.58952064 -93.23582356]
[-91.82173231 -92.44628567 -92.78153946 -90.2069534  -92.15420217
 -93.16974853 -94.42926874 -93.1227717 ]
[-107.72393659 -107.91452438 -109.43325296 -106.91126132 -108.86591048
 -108.59694619 -108.78520386 -108.61824569]
[-111.92717586 -110.62240998 -111.12919133 -112.22760199 -112.25669483
 -112.83768647 -111.95772967 -112.04708275]
[-109.16024878 -108.70115975 -107.79098274 -108.51051972 -107.91663953
 -108.20708906 -108.27814738 -107.707247  ]
[-119.41441622 -117.79298992 -118.34370021 -118.44824741 -117.37779948
 -119.70387535 -119.17060906 -119.83135902]
[-131.51370301 -132.36748018 -132.13764194 -131.69590811 -130.05420624
 -131.72952407 -131.93582652 -131.75879005]
[-149.58062738 -151.75300269 -151.27320815 -151.36402166 -151.59611106
 -152.60946994 -151.68381032 -150.44121791]
[-148.55136287 -149.84399258 -149.58014788 -148.30099148 -147.96553525
 -149.46520331 -149.32181505 -148.88591165]
[-146.14374639 -144.56550114 -145.99123123 -146.58650861 -145.68329594
 -145.88959219 -146.57912414 -146.08366914]
[-151.71986713 -151.14108042 -151.32487127 -152.63024506 -151.52988037
 -151.20020176 -151.95938293 -150.04813937]
[-145.77271521 -147.8152041  -147.06359317 -146.10996949 -145.63783948
 -147.73305885 -144.89005729 -144.90613333]
[-154.6606296  -152.52792844 -153.84580506 -152.85708778 -152.83239425
 -153.28142819 -153.90332303 -152.91215967]
[-152.7827138  -150.96480611 -152.02460726 -152.6842981  -152.7666169
 -151.83387617 -151.92119957 -151.40838794]
[-158.89190541 -158.05087771 -158.007566   -158.3480503  -159.12821911
 -159.93798517 -158.53366169 -158.85850239]
[-156.47043959 -155.49689501 -155.92422472 -156.13485141 -156.04461414
 -155.3922707  -156.64483639 -156.76193645]
[-153.57866797 -154.43466616 -155.09929693 -154.1804355  -153.60042868
 -154.41120796 -153.11720561 -154.97155952]
[-175.01684882 -173.9791649  -175.26602396 -174.41311369 -173.92749674
 -175.46812393 -176.16452992 -174.15180856]
[-156.8146519  -154.27266805 -155.03799421 -154.8355395  -157.5389566
 -155.03449352 -154.84038672 -155.14893662]
