[0, 0, 0, 0, 0]
[0, 0, 0, 0, 0]
[0, 0, 0, 0, 0]
[0, 0, 0, 0, 0]
[0, 0, 0, 0, 0]
[-27.10926899 -27.84123124 -27.52916977 -27.19838506 -27.30744258]
[-28.46879301 -27.92834905 -28.04110782 -28.02860211 -28.45964052]
[-27.64157258 -27.5734206  -27.07480537 -27.21904857 -26.13250097]
[-27.31855891 -25.76894084 -27.62400651 -27.2458124  -28.9676723 ]
[-27.76338072 -27.06565258 -27.58468415 -29.09527897 -28.248447  ]
[-29.26882263 -31.03199707 -30.99410686 -28.3761241  -29.40529169]
[-30.16473228 -30.72752305 -29.67605442 -30.03350295 -30.85010843]
[-31.0320874  -30.96318243 -30.49665071 -30.93824558 -30.5078503 ]
[-30.71848926 -31.74818714 -31.75122404 -31.73799966 -32.66827328]
[-31.03994879 -31.27528955 -32.2008827  -31.82515847 -30.79389878]
[-32.68614975 -33.67003413 -33.87043167 -34.64375377 -33.99869017]
[-37.5972087  -36.96725029 -37.5338623  -39.4961895  -37.11694841]
[-36.62223958 -36.87911513 -34.61228264 -34.81840889 -37.68264036]
[-32.47329891 -33.9944489  -35.1086816  -34.85912663 -32.85058156]
[-35.16839023 -35.05468616 -35.99414562 -33.75174075 -34.40963696]
[-39.73766262 -39.37684967 -38.15935063 -39.82804461 -39.08967676]
[-39.74327304 -38.24219563 -39.41461516 -40.86035421 -39.36004692]
[-38.59280794 -39.50160437 -37.75272339 -39.63930271 -36.99810303]
[-36.93764466 -38.0024614  -37.86535133 -38.50105323 -37.16254701]
[-37.83390155 -39.48618992 -38.90144048 -38.5590121  -37.210475  ]
[-42.93604348 -43.48188768 -44.46826254 -42.9297603  -42.18948453]
[-43.59932313 -44.42063483 -44.39839428 -43.92132079 -43.6936605 ]
[-44.17136808 -44.3558802  -45.03873436 -44.60277759 -43.75376473]
[-43.34488143 -41.23799953 -41.3243672  -41.59199974 -42.75029584]
[-44.32360595 -45.55042999 -43.99577084 -43.04299972 -45.99315561]
[-49.36344988 -49.39610022 -49.45168424 -49.61403027 -48.76621854]
[-50.47072351 -49.21822791 -50.53545367 -51.1022402  -49.53623165]
[-49.45313927 -49.56094716 -49.01517525 -49.08550472 -48.81028972]
[-50.13114973 -51.0199015  -50.34646192 -51.70541912 -50.76404955]
[-49.49543808 -49.75727799 -49.4008487  -48.65368074 -50.85622814]
[-54.07487606 -53.53661221 -54.79211814 -54.95602925 -53.13103986]
[-59.74394483 -59.42465408 -59.21716094 -59.20410692 -59.39551326]
[-56.72294978 -56.91352541 -55.63492478 -57.08692961 -56.60055228]
[-57.37652263 -56.39647624 -56.6818293  -56.32820407 -56.56024196]
[-56.5079817  -57.51514782 -53.83496761 -56.54260907 -55.45460663]
[-64.17188884 -63.5133573  -63.24902402 -63.89601228 -63.9760318 ]
[-62.32327347 -62.24167    -62.1977534  -61.38547341 -62.95749973]
[-61.73965376 -63.0909091  -63.0016513  -61.43001659 -61.07391884]
[-63.33957104 -63.86066327 -61.54973099 -62.02164091 -63.55352019]
[-65.18197647 -64.38958068 -63.2813206  -63.47612857 -64.13045862]
[-64.90373638 -63.52608444 -65.06672701 -65.19406214 -63.97391824]
[-67.29627726 -68.48220502 -67.02821569 -67.03613958 -66.38056981]
[-66.46443986 -67.31679324 -66.10168219 -64.33771628 -65.0471354 ]
[-67.18339949 -67.35187538 -67.70588266 -68.84965262 -65.97208084]
[-64.11694452 -65.88966577 -66.23364999 -65.42118469 -64.78639086]
[-72.59037394 -71.97731715 -71.51684206 -71.4591055  -71.63803889]
[-69.50311311 -67.82302533 -68.01867229 -70.13501549 -68.87305682]
[-68.69584335 -68.90069135 -69.24404125 -69.73434584 -67.41650842]
[-69.68621596 -69.67591806 -70.17776373 -69.30367586 -68.01357126]
[-68.22999087 -68.42415821 -66.64190306 -69.10795253 -68.21102763]
[-70.62355289 -70.4675536  -69.44296531 -69.3233595  -69.86296085]
[-68.85533649 -69.91220139 -69.04196132 -69.73387721 -69.74168589]
[-71.44978327 -70.48524464 -72.36105188 -70.12827128 -73.79847164]
[-70.15887568 -70.08422569 -68.93025982 -67.80693589 -70.17611054]
[-69.06302378 -68.42741294 -68.96516071 -69.75582376 -67.20717972]
[-70.11584048 -69.12242999 -71.39449412 -70.4059337  -70.85968885]
[-69.09925043 -69.71032806 -69.98662841 -68.81067519 -70.26013563]
[-71.27130645 -69.75679153 -70.80618057 -71.5816262  -72.1666687 ]
[-68.73285359 -70.12728241 -70.91089149 -70.13284596 -70.39050469]
[-73.26995996 -74.32177933 -73.50821536 -73.3566419  -75.02627586]
[-68.62025306 -66.64486109 -66.57217909 -68.09314906 -67.19983328]
[-71.08622453 -68.98881615 -70.1618492  -69.57424833 -70.18563588]
[-69.98466269 -69.9010438  -69.85118532 -68.45769297 -69.66703926]
[-71.26889986 -70.90383269 -71.44624417 -69.89579777 -70.57994578]
[-67.91903075 -69.55191006 -68.88043914 -68.02856546 -68.67873348]
[-72.47442695 -72.32220735 -73.07546647 -73.58566579 -73.28044275]
[-72.73721042 -71.85900245 -72.7474671  -73.87747174 -71.67453201]
[-69.86709887 -70.53506239 -69.95178888 -69.62127558 -69.3612893 ]
[-67.9124109  -68.72640481 -68.617612   -69.09738935 -69.48845721]
[-71.29907259 -70.63849493 -69.89638476 -70.50652701 -70.55966128]
[-68.4086417  -68.74916849 -69.81885183 -69.27721046 -67.3445231 ]
[-70.56740684 -69.45338389 -69.89451612 -69.54940635 -68.52732682]
[-67.79946608 -67.51509642 -68.33814127 -67.61542525 -68.63170071]
[-71.65765696 -72.40749259 -70.80880737 -71.51277207 -70.82661639]
[-72.1579114  -72.1565431  -71.39368383 -70.20092758 -72.18375129]
[-72.50899848 -70.83953798 -70.46622216 -70.65423276 -71.91327162]
[-70.66351129 -70.07701704 -69.97108394 -69.44700492 -69.39547395]
[-71.07315019 -69.54594771 -70.63076842 -69.50975086 -70.75479047]
[-72.24541843 -72.72145594 -72.38670775 -72.33384953 -71.4760325 ]
[-66.76124422 -68.71629785 -69.18048078 -68.04396127 -67.3240834 ]
[-73.3091111  -73.56592524 -73.6375734  -72.70504389 -73.18411297]
[-70.87704553 -70.6572216  -71.0905253  -70.42225582 -70.08023375]
[-73.57110538 -74.7924545  -72.76501955 -73.49704597 -73.17662425]
[-73.63291704 -72.78277287 -72.53169098 -72.55502317 -72.79745116]
[-73.02703245 -72.01478795 -71.77435405 -72.95723428 -72.1380335 ]
[-76.98520304 -76.58157668 -75.0838965  -74.07126342 -75.99144933]
[-75.2838082  -75.15976798 -74.58690873 -75.64381397 -74.45200399]
[-73.77092255 -73.63530141 -74.68565821 -75.20702586 -75.99022278]
[-74.34810571 -73.47825962 -74.27421309 -72.59819648 -74.05622656]
[-71.38092971 -71.93133604 -71.88103942 -70.5735224  -71.16591773]
[-77.62046264 -77.29726674 -79.14635415 -78.81601356 -79.14208338]
[-76.6588407  -75.19952119 -77.3290043  -75.79055291 -77.06182985]
[-75.12129951 -77.21462785 -75.59340991 -76.10907036 -76.12205354]
[-76.19730125 -76.64525758 -76.52189908 -76.47783177 -76.40211068]
[-76.17167451 -76.9584063  -75.791349   -78.20333839 -76.66946341]
[-74.30650204 -74.45130696 -73.95277867 -75.08605327 -73.30247609]
[-74.47560214 -75.91744433 -73.96891378 -74.36200155 -73.18624138]
[-76.16117799 -75.82421882 -76.97837869 -75.61293842 -75.84147999]
[-76.49610536 -76.30309427 -76.21886841 -75.6858513  -75.97711766]
[-75.89263263 -75.99229407 -76.26158505 -74.48372705 -76.60529147]
[-76.44860226 -77.16889366 -76.05843939 -78.04356899 -77.11426951]
[-74.4794486  -74.23867583 -73.38414268 -73.03097355 -75.11399138]
[-75.19816058 -74.75640433 -72.86048238 -76.27076648 -74.34923739]
[-78.16951676 -77.40891148 -77.35849799 -77.21566449 -78.40607161]
[-73.1781511  -75.24536948 -75.3549052  -73.44065595 -73.46420582]
[-73.68176731 -75.63835252 -74.96775403 -72.95003403 -74.74789015]
[-72.50283604 -74.47485092 -74.40676104 -73.55999676 -72.5159764 ]
[-75.53191578 -74.77453864 -75.3064589  -75.23237914 -74.5767754 ]
[-72.58424335 -74.61054044 -74.07623395 -72.93718582 -73.55184187]
[-76.5869537  -75.31698609 -76.48947793 -75.93223729 -76.91692013]
[-74.47489874 -75.19288313 -73.87475888 -73.69377595 -74.0623556 ]
[-74.24796412 -73.88702621 -72.88369423 -73.58048768 -73.00893415]
[-74.69332582 -75.24429036 -75.94499611 -73.82493913 -74.8408129 ]
[-75.91517138 -74.14296172 -77.28008487 -77.00206965 -76.50435996]
[-77.11045013 -75.69088449 -75.25568498 -76.67042544 -77.24456747]
[-73.74481203 -73.44051794 -74.12034671 -74.3771524  -73.685841  ]
[-73.96627159 -75.11628646 -75.31187918 -75.68171242 -74.66429053]
[-70.62121336 -72.30139345 -71.53376861 -72.90284718 -69.34452381]
[-72.24785634 -72.66525359 -72.86303028 -72.34228517 -70.89588658]
[-73.4541745  -74.97233827 -74.16512642 -73.30356612 -72.96084124]
[-70.47740306 -72.0134112  -70.78239027 -71.16866316 -71.2523135 ]
[-72.56257806 -72.90039464 -73.01435947 -70.34680521 -72.03916292]
[-70.23337392 -70.75898571 -69.88646595 -71.03054355 -70.38830738]
[-70.69602816 -71.64653751 -73.49592894 -71.41419934 -71.94158579]
[-69.19940258 -68.4023229  -70.22923307 -67.82138114 -69.40037467]
[-68.19712941 -67.39519322 -67.82537589 -67.45347457 -67.65592545]
[-68.95096083 -68.09190009 -68.40786393 -68.25870979 -69.03375989]
[-67.88513443 -66.44209493 -66.21828933 -67.47238297 -67.94318171]
[-68.18288757 -68.03670264 -69.61445127 -67.98586926 -68.56890734]
[-65.93006001 -65.82105739 -66.27193183 -66.6776857  -66.94486968]
[-67.0313817  -68.00936814 -66.51345861 -65.61819511 -67.56006847]
[-67.49235322 -66.23033328 -66.77110767 -66.11149064 -65.49197177]
[-66.85735812 -68.91960278 -70.04157832 -66.18931522 -68.80393411]
[-66.61451513 -67.6439571  -66.14145877 -67.06030153 -68.18482697]
[-66.95427777 -65.92265095 -68.39724757 -68.6370721  -67.51118859]
[-67.1553786  -66.82875528 -67.16236434 -66.62005375 -67.19018323]
[-64.16027869 -64.42310177 -63.42221291 -63.84351538 -62.1393557 ]
[-64.25149802 -65.15486134 -65.90382734 -64.93515275 -65.73807877]
[-66.94328832 -65.84444693 -65.55593161 -67.6798059  -67.01971108]
[-62.81118024 -64.27498363 -62.60532878 -63.6486048  -63.27471336]
[-63.32414733 -65.19078535 -64.97871619 -64.409999   -63.9712375 ]
[-65.11810634 -66.27130611 -64.70374986 -64.2090986  -66.35240789]
[-62.99826255 -61.66672625 -62.23227088 -62.85211509 -61.94220919]
[-62.90725754 -63.39264854 -64.71437684 -65.01379299 -64.55465736]
[-63.55068965 -62.23209778 -63.48268775 -64.44394998 -63.28003062]
[-64.69633884 -63.54060524 -63.16410129 -64.34022556 -63.93153396]
[-62.82609375 -62.46393553 -62.37597738 -62.8733778  -62.38796476]
[-62.53359461 -62.40178255 -63.8320874  -62.86365191 -64.43943559]
[-63.83250627 -63.83553834 -63.68937386 -65.51935466 -64.13897126]
[-64.38037504 -64.87636421 -63.93166331 -63.62397458 -64.57501093]
[-61.7062124  -63.35511157 -61.63695733 -62.25549235 -63.28396735]
[-61.16399228 -60.15229287 -59.74497107 -60.83408942 -60.27928432]
[-61.56212995 -61.31027001 -60.78586205 -61.64455206 -62.56886909]
[-58.9090783  -59.10729471 -61.38865101 -58.88090852 -60.29375673]
[-60.1642801  -60.90202287 -59.18858566 -60.6718755  -59.77280595]
[-61.85457647 -60.87345272 -60.40446278 -60.95448301 -62.95435434]
[-61.66209392 -61.91130381 -60.35679447 -60.39996535 -60.7220657 ]
[-60.0355064  -60.04214006 -60.11106063 -59.35353222 -59.81113555]
[-59.63828583 -61.37094937 -59.29815358 -59.17857666 -60.86384616]
[-61.51256118 -61.12268684 -58.06424804 -60.79522845 -61.19439353]
[-58.21267836 -60.09602311 -59.29269053 -59.89068815 -58.88767781]
[-59.99925308 -60.30150271 -59.61234922 -59.21016087 -60.38256954]
[-57.48295053 -57.96301403 -57.54575161 -57.92833821 -58.44764697]
[-59.54285655 -57.40953287 -57.74081048 -58.19811134 -59.0177719 ]
[-61.02637824 -59.56279416 -60.80640956 -60.79985729 -60.74323278]
[-56.63576429 -56.2245117  -57.66450019 -57.36965409 -56.72140525]
[-57.28284799 -56.29568586 -57.75708398 -57.41209827 -56.5654316 ]
[-56.67110081 -56.57637849 -56.86920131 -58.38932536 -57.21122315]
[-60.43267396 -60.61991611 -60.45925987 -60.36760816 -60.16451388]
[-58.09048844 -57.49618744 -58.45378333 -57.44918358 -57.00133037]
[-58.96448822 -57.37457822 -57.39581156 -58.98331004 -59.33825174]
[-59.07998901 -58.49561711 -58.55085938 -58.72449411 -58.24066238]
[-58.59423265 -59.08076194 -59.64298726 -58.97105812 -59.07033713]
[-57.71851432 -57.51337718 -56.5674695  -58.66132308 -57.62138114]
[-57.48126682 -58.14501346 -57.36371429 -57.35759799 -58.41821039]
[-60.40267092 -59.6151829  -58.91819486 -58.84570662 -57.21863984]
[-59.13674062 -57.9202852  -60.58431752 -58.08949331 -60.01484999]
[-59.84709585 -59.53025223 -59.76085109 -59.81810752 -60.74206325]
[-58.99890441 -59.26367976 -58.08010658 -59.51766507 -60.53984975]
[-60.52459271 -61.6587856  -61.49775315 -60.10027486 -60.45043922]
[-62.00330718 -60.35553384 -61.35945079 -62.92295005 -61.49495551]
[-61.29434956 -60.75117009 -60.86561792 -60.72079278 -61.41210103]
[-61.11405036 -62.54734076 -62.66077829 -62.6993702  -61.48433226]
[-61.16420224 -59.34940847 -59.79490997 -59.02862462 -59.9123928 ]
[-61.93358268 -62.82001381 -61.38890583 -63.47360858 -62.03025251]
[-63.8660791  -63.04071861 -62.8282951  -62.25007086 -60.46966426]
[-64.7973951  -61.79119115 -61.96160408 -63.94446633 -64.23957662]
[-64.95498465 -64.90629135 -65.61582576 -65.71003136 -64.86252496]
[-63.9502958  -63.78904488 -64.11219382 -65.34279543 -65.07960433]
[-64.29185019 -62.84744069 -62.9893463  -65.0910558  -63.24886672]
[-66.69106931 -65.03646895 -67.19909647 -65.15711238 -66.88816718]
[-63.37786975 -64.29406187 -62.02483988 -62.27140556 -64.29232008]
[-63.64453827 -65.20577752 -65.42497211 -63.43614433 -64.30797455]
[-62.48435772 -65.43920665 -62.59676464 -63.09771195 -62.82094044]
[-62.87741029 -62.60210859 -62.70359384 -62.9781815  -63.14628082]
[-65.36728368 -66.8583393  -64.52396881 -66.10342896 -65.13863187]
[-65.27786221 -64.08722034 -63.13474749 -64.7014013  -65.06656124]
[-64.5909787  -63.94667919 -64.8925019  -64.40554835 -63.47600586]
[-63.57719846 -64.09948468 -63.17780767 -61.75558658 -63.6335648 ]
[-65.29497032 -65.187914   -66.89465222 -65.62983584 -65.42397629]
[-63.58482807 -63.52752275 -63.11185526 -63.58156417 -63.28400706]
[-64.14652079 -63.10186355 -62.13610183 -62.66438812 -62.23264847]
[-61.05506382 -60.78251694 -60.05248565 -61.0630834  -60.701508  ]
[-63.1390519  -63.70662124 -61.59163772 -62.63985311 -62.81039392]
[-64.74020009 -64.69607512 -64.88448288 -64.40213535 -63.10057914]
[0, 0, 0, 0, 0]
[-62.46257155 -61.77614376 -61.05615303 -61.64530673 -60.11124472]
[-64.14418315 -62.85985302 -64.70161565 -64.11806586 -63.67039815]
[-61.58450112 -62.22635337 -62.49219216 -61.71118478 -62.44411057]
[-62.19081865 -62.04829587 -61.3828035  -61.33686291 -62.24327966]
[-61.47218079 -63.61971375 -63.71689002 -62.52937898 -62.80464511]
[-63.59310475 -64.05682407 -64.49341301 -64.99885114 -64.38766716]
[-62.12517882 -62.29367466 -62.53132485 -62.49610534 -63.3644465 ]
[-61.99375734 -61.6104543  -61.97559192 -61.89324064 -61.98008711]
[-60.59344813 -60.5716921  -59.56642907 -60.20252189 -61.29962523]
[-61.82901943 -62.59933683 -62.34538801 -62.50696501 -62.85500023]
