[0, 0, 0, 0, 0]
[0, 0, 0, 0, 0]
[0, 0, 0, 0, 0]
[0, 0, 0, 0, 0]
[0, 0, 0, 0, 0]
[-26.93375341 -28.3500115  -27.36895404 -27.36898416 -27.26529953]
[-28.66261847 -28.83978891 -28.67420337 -28.85784055 -29.73586028]
[-27.73073974 -27.54077229 -27.35546404 -27.99460701 -26.93737829]
[-26.57634514 -25.95606083 -27.24932064 -27.04954248 -28.68174382]
[-27.79730846 -26.83521115 -27.89309214 -28.97578242 -28.55895056]
[-29.78087815 -31.41271895 -31.63786151 -28.98327813 -30.59155957]
[-29.57342679 -29.86387361 -29.59355047 -29.98477855 -30.5571006 ]
[-30.77971323 -30.77007125 -29.72876853 -31.12981413 -30.80609801]
[-30.98248852 -31.90649408 -31.9060932  -32.49001856 -32.75610342]
[-30.47167172 -31.61854047 -32.10644445 -31.98152671 -30.56712355]
[-31.90198979 -33.06898503 -32.72683486 -34.23852056 -32.96786937]
[-37.56064196 -36.6963975  -36.30865452 -39.09121106 -37.49203699]
[-36.31513745 -36.3835162  -35.64889757 -34.32546974 -37.35445786]
[-33.30274266 -34.25223209 -35.47871175 -35.62125819 -33.64735289]
[-34.35170087 -34.26501578 -35.15089347 -33.44997482 -33.89631565]
[-39.35926891 -39.56679689 -38.01352202 -39.38022474 -38.7224373 ]
[-39.50631412 -38.56454543 -39.74349326 -40.31768443 -40.06457594]
[-39.42527357 -39.24202351 -38.69864635 -39.93885976 -38.3976557 ]
[-37.52700595 -37.7696656  -37.00779975 -38.55994701 -37.89326555]
[-37.09199601 -38.5189019  -37.67806849 -37.30144654 -35.81179015]
[-42.07496183 -44.21533259 -44.30055296 -43.19638033 -43.09405946]
[-42.97070556 -43.04247139 -43.73996271 -42.58778801 -42.2207998 ]
[-43.96397433 -43.31831619 -44.45818577 -44.23087686 -43.12474893]
[-44.26196058 -41.90711299 -41.93658364 -42.17454129 -42.958712  ]
[-45.07611144 -45.42329409 -44.77009093 -43.3417894  -46.53477264]
[-47.56008316 -48.19323204 -48.07506552 -48.2004243  -47.96146216]
[-49.94418983 -49.35701619 -48.62159344 -50.47505985 -49.81088124]
[-50.3296435  -50.29026871 -50.13896349 -49.12137749 -49.7091611 ]
[-49.43499317 -50.17565097 -49.70554814 -50.43082275 -50.37570024]
[-49.81023191 -49.96719562 -49.68073654 -48.46395547 -51.40962304]
[-54.82962465 -54.26667546 -55.93195012 -54.86111494 -53.24689024]
[-58.75412637 -58.63395959 -59.62183264 -58.6258151  -60.06107693]
[-55.60644645 -56.54553372 -54.62870457 -56.24172319 -55.30404416]
[-57.1441211  -55.5485233  -55.60059961 -56.82461415 -55.65848681]
[-56.29222551 -58.3250948  -55.6108287  -56.83995674 -56.88581877]
[-63.23343527 -61.68562755 -61.86559311 -62.08377898 -62.45537416]
[-61.58424934 -61.88150597 -62.02980856 -60.48951344 -62.23710655]
[-60.48021033 -61.8320468  -61.34135533 -59.67769267 -60.01105157]
[-62.38499852 -62.43241366 -60.52713172 -61.18416068 -61.91071139]
[-65.59099075 -64.81370669 -63.59680172 -64.41567302 -64.10833545]
[-65.69867928 -63.89735041 -66.79446071 -65.60447642 -65.1542958 ]
[-64.90861291 -66.42601861 -64.56201779 -65.35879363 -64.76315548]
[-66.40063688 -66.1019262  -65.24108366 -63.71684877 -64.34721244]
[-66.96322677 -66.94031702 -67.26786813 -67.65789757 -66.0214823 ]
[-63.88925498 -65.00335703 -64.13253754 -64.07869028 -63.59873937]
[-72.45854285 -72.61677353 -72.18546198 -71.89911836 -72.89661   ]
[-69.86030593 -67.59680293 -67.8341702  -68.61707062 -68.56380076]
[-67.50243284 -67.40443481 -67.29456414 -67.77543689 -66.09338846]
[-69.81376209 -70.52710324 -69.82580183 -69.03991119 -67.39495657]
[-67.20708814 -66.35003896 -66.00039202 -67.25172867 -67.81170204]
[-69.25374598 -68.938243   -67.67790526 -69.48188907 -68.33774158]
[-69.25238034 -69.80813624 -67.89815672 -69.74230181 -68.72122719]
[-71.19171281 -70.23663532 -71.99371521 -69.86087552 -72.291316  ]
[-69.51234249 -68.47920497 -67.46236873 -67.21449714 -69.51552965]
[-68.87998954 -68.56472123 -68.71952691 -68.96607491 -67.08722647]
[-67.49009206 -67.76827304 -68.81120076 -68.21123121 -68.8018609 ]
[-67.95377368 -68.15638239 -68.81837524 -67.54957351 -68.09057331]
[-70.36244288 -69.46392607 -71.22257059 -69.77860674 -71.22011721]
[-68.22863227 -69.16170637 -70.02826193 -69.96963134 -70.5736982 ]
[-72.55064654 -73.95113584 -72.0479388  -72.11792583 -73.56223844]
[-67.32069513 -65.40742372 -65.68906485 -66.40481847 -65.21621908]
[-69.88852838 -68.54528727 -69.15810027 -68.28536209 -69.1264452 ]
[-69.5544301  -68.90176036 -68.81260981 -68.11279651 -67.8705129 ]
[-68.51549827 -69.27576856 -68.65693073 -68.88491238 -68.54364962]
[-67.55874456 -68.7862678  -66.15761814 -66.90326919 -67.29051404]
[-68.79772763 -68.15568765 -68.30659571 -68.71455015 -69.61043937]
[-68.60428028 -67.19174474 -68.50319867 -69.27297766 -67.69937463]
[-66.75055472 -67.23699946 -66.12929483 -66.54372405 -65.16488556]
[-65.14073968 -65.74978841 -66.22846691 -65.73559536 -67.40705958]
[-67.70363644 -67.01431554 -65.23886514 -66.54854706 -67.35909774]
[-65.50418822 -65.34921125 -66.0541178  -67.61853607 -65.46604421]
[-64.49805282 -64.03957761 -64.87444696 -64.54191317 -62.60969414]
[-64.08479371 -63.94192164 -65.30033189 -64.53503975 -65.24214728]
[-67.64414948 -66.99821821 -67.17941007 -67.31590738 -66.28969492]
[-66.80941685 -67.19188341 -66.38646301 -66.24789218 -67.2699089 ]
[-68.55016155 -66.87921622 -66.82296851 -68.65604482 -66.91393697]
[-67.20995772 -67.8860508  -68.36818111 -66.43415537 -65.87427184]
[-68.59105021 -66.85281392 -67.70991557 -66.86698672 -66.43889362]
[-68.3352533  -68.51595114 -68.05120639 -67.43732102 -67.11507089]
[-66.91455239 -66.97128673 -67.11880239 -65.99629392 -66.41674316]
[-69.64815107 -70.09845586 -70.01582706 -68.53556243 -69.726801  ]
[-66.80699314 -66.13883945 -67.03925051 -65.29093827 -66.17077648]
[-68.22259779 -69.32000978 -68.18434693 -69.30959399 -69.33613427]
[-69.39302422 -68.16114824 -69.29838792 -68.9657192  -68.10563258]
[-69.14157384 -69.10604854 -68.05607346 -69.49631803 -68.16274325]
[-73.57231911 -72.45275586 -71.17857804 -71.3333214  -72.38175401]
[-71.2444973  -70.24016515 -70.24076032 -71.21981269 -71.31608625]
[-67.93518121 -67.21822366 -69.66581406 -69.6413169  -69.81695004]
[-69.31489513 -67.80617979 -68.97395227 -67.96582036 -68.22668076]
[-67.02299038 -67.91593221 -68.45447722 -67.08553678 -68.39118131]
[-71.3993055  -71.0541788  -72.58063652 -72.38354884 -73.24648145]
[-72.75243565 -69.95123908 -71.42269065 -71.12081911 -71.40588242]
[-70.77197028 -71.99890522 -71.65212119 -72.24745056 -72.98638783]
[-71.56830423 -72.19578325 -71.42137392 -71.289549   -71.19158817]
[-72.43097383 -72.31041848 -72.27377873 -73.78847104 -72.34522739]
[-71.64719386 -72.49756188 -71.06614307 -73.00510271 -72.13500023]
[-71.81700355 -72.41136673 -71.36816301 -71.46988014 -70.45551978]
[-72.57070664 -73.19616834 -73.07229322 -73.62820639 -73.41389411]
[-72.73371585 -72.14811057 -73.35546813 -71.29883569 -72.52037404]
[-70.95465457 -71.07372416 -72.00545378 -69.66735615 -71.10581391]
[-74.55703548 -75.19738351 -74.45808698 -76.5246542  -74.25771548]
[-70.03210929 -70.55471416 -69.65242344 -69.92842762 -71.31787321]
[-72.39446499 -71.98382355 -70.32619212 -73.03173896 -71.77340658]
[-75.76582244 -75.20110934 -74.27224478 -73.888201   -76.12648655]
[-70.33457833 -71.68784768 -72.8656012  -70.16009698 -69.79926623]
[-72.02261409 -74.11768472 -72.00364196 -71.57326013 -73.04497991]
[-72.87669489 -73.6059033  -73.04731886 -73.50348917 -72.3203328 ]
[-74.17007259 -73.36300561 -73.37686079 -72.74397999 -72.80232121]
[-71.26984014 -72.34252052 -72.05032181 -71.20118513 -72.10329405]
[-73.97652808 -73.73092146 -74.64166619 -73.13674623 -75.37321573]
[-73.63506803 -75.38245094 -72.75485981 -73.44702294 -74.02869355]
[-73.9950276  -74.66934782 -74.09937226 -75.54223736 -73.54789141]
[-76.40135861 -76.82191195 -76.85983627 -75.15055809 -76.63881465]
[-75.5177521  -75.14477508 -76.29159565 -77.0483737  -75.37074172]
[-74.42443993 -73.69197756 -72.75842296 -75.86097518 -75.18881705]
[-73.42261968 -72.87100176 -72.52309126 -73.28188297 -71.6282554 ]
[-75.50745042 -76.57675706 -77.64150555 -76.63414721 -76.09175726]
[-72.46660583 -73.47198795 -73.13228283 -72.8122138  -71.60467422]
[-74.96983001 -74.9064496  -74.21275792 -75.19793356 -73.28360373]
[-76.28160441 -76.24004852 -76.01541863 -75.76550044 -76.63060974]
[-71.94155298 -72.76368247 -72.27327925 -71.98869996 -72.34859784]
[-73.41685216 -73.87808677 -73.77353386 -71.45299054 -72.95099457]
[-70.67271693 -70.6429364  -72.30137436 -72.02925868 -70.78416505]
[-71.838255   -72.15584989 -72.7151541  -72.31398789 -72.73170364]
[-68.63859855 -70.26566374 -69.97311381 -68.41737547 -70.04849974]
[-68.95993708 -69.42363819 -69.78002227 -69.67228958 -69.63437489]
[-70.92713388 -69.9352237  -69.45335013 -68.97225723 -69.81259947]
[-69.9736596  -69.06751918 -68.80425697 -70.18707732 -70.75076773]
[-70.6039052  -70.98225184 -72.22958089 -70.86732865 -71.08401532]
[-69.1839865  -68.58275252 -68.72648081 -68.99658778 -70.2529236 ]
[-68.78462011 -69.51820442 -67.93252357 -67.60313415 -69.4210207 ]
[-67.95924659 -68.67250768 -67.77464786 -66.50352105 -66.49180427]
[-67.79906664 -69.89134835 -70.82620699 -69.06465574 -70.83788882]
[-69.52377011 -69.62992903 -68.33217776 -69.22125108 -70.27469057]
[-66.43213066 -68.16836076 -69.08437901 -70.28729526 -68.86539845]
[-69.09352206 -69.6964531  -69.46238419 -68.72872846 -69.05631968]
[-64.20302038 -66.2474099  -63.72019374 -63.26250755 -63.4207639 ]
[-65.66113927 -66.29042477 -66.62913927 -65.46582471 -65.79051593]
[-68.46156658 -66.2633828  -66.6013253  -67.90254086 -67.41815458]
[-65.04353806 -65.43266375 -65.75730822 -66.07321194 -66.50472009]
[-65.36360646 -66.41894342 -67.40651076 -66.73076225 -65.52588636]
[-67.03060319 -67.92063361 -67.40138355 -67.36830642 -67.63563674]
[-65.39701311 -63.15782119 -65.02391163 -63.81514835 -64.36512265]
[-65.71988581 -65.4289976  -66.22947686 -67.047525   -65.84749906]
[-68.34807173 -66.42102771 -67.30309719 -68.9839749  -66.80950887]
[-65.48060338 -65.65724504 -64.64018894 -65.56221352 -64.52663543]
[-66.87672756 -66.9106841  -67.68853897 -66.52258421 -66.9425905 ]
[-66.08373044 -65.86225749 -66.18662856 -66.24979261 -67.09699202]
[-67.19370533 -65.7767467  -66.73560236 -66.5859254  -66.72774445]
[-65.41255567 -66.35877427 -65.1889403  -65.14305805 -65.57971674]
[-65.41890274 -65.68462917 -65.0289317  -65.02589596 -66.313313  ]
[-63.99342501 -63.13890741 -62.58038251 -63.335901   -62.39772462]
[-64.31497564 -64.64060889 -65.35908843 -65.23490989 -63.56491149]
[-61.49191421 -62.14816033 -62.78143705 -60.18933224 -61.66158792]
[-62.16322746 -63.20216863 -61.39285253 -61.79968361 -61.95808325]
[-62.87762104 -63.11335613 -62.55242492 -62.95068924 -65.33420806]
[-66.15481326 -64.72137919 -65.0786261  -64.24708494 -65.20642947]
[-62.77398305 -60.40577376 -61.71345781 -60.65784147 -62.77694711]
[-64.93487351 -64.18750826 -62.08884111 -62.78481424 -63.67777507]
[-63.88041706 -62.31144053 -59.51430813 -63.68208999 -63.58017817]
[-61.04840854 -61.9177834  -61.10226719 -61.21126697 -62.14851875]
[-62.12782717 -63.02279782 -61.62967999 -62.68366716 -62.86801372]
[-61.50386532 -60.83105609 -59.41098161 -61.19497188 -60.99154485]
[-61.4123107  -60.32711203 -60.39248356 -60.47197227 -61.78032524]
[-65.27540717 -63.53980368 -64.954501   -64.47061329 -64.71798939]
[-60.00747715 -61.26895496 -59.89697435 -61.02250174 -60.90458139]
[-60.05865592 -58.49333137 -59.77938574 -60.32070072 -59.9831976 ]
[-60.67742024 -59.62737283 -58.61712841 -61.68566132 -59.95155383]
[-63.347932   -64.38591967 -63.59271778 -63.38226715 -64.09463573]
[-61.13525941 -60.72416165 -61.4725502  -59.19820439 -60.32476334]
[-62.13997616 -60.62660456 -60.27524439 -60.79344857 -62.06870919]
[-60.89412373 -59.84619155 -59.77426806 -60.45543731 -59.83026517]
[-62.01114329 -63.09335178 -62.22147885 -62.5007709  -61.19242034]
[-60.71507885 -60.58505976 -59.99958809 -62.24176973 -61.00084578]
[-60.63936722 -60.97075341 -61.779577   -60.48418157 -62.96706609]
[-62.56007349 -62.93367415 -63.65416851 -62.76794037 -61.13541269]
[-62.2164996  -61.23457898 -62.73150007 -61.3079833  -61.81382888]
[-63.17778946 -63.32008361 -64.36045333 -63.28008933 -63.32827432]
[-61.71438211 -62.71061786 -61.89161386 -61.70212287 -62.91508697]
[-62.61352503 -63.48966091 -63.64102681 -62.47135621 -62.60747402]
[-65.19922602 -62.47108854 -63.65539683 -66.05534915 -64.4739473 ]
[-63.91210445 -63.9876148  -64.16817768 -63.92131892 -64.60619398]
[-64.56340367 -65.64962595 -65.17470122 -64.46065923 -65.13177606]
[-64.05689607 -63.2074573  -63.58941078 -62.98231862 -64.37530231]
[-64.1392399  -65.08711497 -64.42289746 -65.36608116 -63.63620962]
[-67.05120709 -67.13055909 -67.34556969 -66.12845728 -65.81402657]
[-67.22874739 -66.27006367 -67.12417411 -67.57592815 -66.54000866]
[-67.53296541 -66.9348839  -67.39836196 -67.53349424 -67.98201152]
[-65.98659229 -66.02120677 -66.45655025 -67.85085086 -67.43689938]
[-66.31186292 -65.48681921 -65.01012819 -67.36132065 -66.4108427 ]
[-70.03270211 -69.10802786 -70.11030554 -69.22272068 -69.6749977 ]
[-68.73898833 -69.48496152 -67.67628061 -68.17290541 -69.56824025]
[-68.49484975 -68.88504615 -69.78241731 -68.27094098 -69.4030551 ]
[-66.8038453  -68.75025879 -66.65377363 -67.45822034 -67.1314301 ]
[-69.3882739  -68.04104287 -67.51873192 -69.01568547 -68.25645904]
[-68.33242909 -70.86731298 -69.5013007  -70.89852049 -69.88872162]
[-69.18632382 -69.59267094 -68.98830484 -68.95503846 -69.19513252]
[-72.24961112 -71.688104   -71.80637525 -71.70403489 -69.83490338]
[-69.25947103 -67.88083642 -68.24673403 -66.90084213 -68.20222   ]
[-69.60934351 -69.27932855 -70.66090003 -69.78709724 -70.10529827]
[-68.66782558 -69.20245619 -68.78709443 -69.46861497 -69.97112993]
[-68.97135246 -67.83130211 -68.24617378 -69.20376492 -68.42069521]
[-66.85668905 -67.21021797 -67.22714204 -68.81802675 -68.29503681]
[-68.94137053 -69.79004726 -67.20564008 -68.07670444 -67.07238623]
[-70.37606514 -70.14917152 -70.26346464 -70.82955616 -69.88315543]
[0, 0, 0, 0, 0]
[-69.627035   -70.28319193 -68.77329184 -70.09380497 -68.78600574]
[-70.4951194  -69.45222941 -69.96538649 -70.14835932 -69.37310808]
[-67.81602156 -67.55554985 -67.39940525 -67.50399048 -68.63920388]
[-67.38748957 -68.11864454 -68.62853255 -68.27894177 -68.26382507]
[-68.64397699 -70.29886859 -69.53387281 -68.6817706  -70.23324944]
[-70.37397698 -71.39809796 -70.93975738 -70.72376772 -72.13054051]
[-68.89670594 -69.76602214 -69.96283512 -69.27873465 -69.9072269 ]
[-68.84443552 -68.99926242 -68.66758271 -67.74796174 -68.85849893]
[-66.69673196 -67.02779806 -65.76367831 -65.61694849 -68.03539213]
[-70.06462938 -71.00421368 -69.26797185 -69.3544692  -69.57153583]
