[0, 0, 0, 0, 0]
[-28.94790956 -28.66587113 -28.02144233 -28.97304169 -29.60894957]
[0, 0, 0, 0, 0]
[-26.70095182 -28.78041646 -27.60141384 -28.42839602 -29.55916767]
[0, 0, 0, 0, 0]
[-25.99257588 -26.19453561 -25.35650109 -24.91730154 -26.63231982]
[0, 0, 0, 0, 0]
[-26.42362037 -28.43856952 -26.52007985 -27.00240921 -28.5265336 ]
[0, 0, 0, 0, 0]
[-27.57617318 -26.96242324 -26.95146849 -27.23495274 -25.79426973]
[-28.49642505 -29.27341118 -27.54250173 -29.12147391 -27.95363141]
[-30.57828675 -29.24538528 -28.74673246 -29.66862751 -27.99618714]
[-27.55035393 -29.02308265 -28.88045724 -27.7741139  -28.90295906]
[-30.09490626 -28.71071362 -29.52775528 -29.13575493 -28.6349658 ]
[-28.78791648 -29.62968121 -27.83719825 -26.56870844 -28.70663386]
[-29.53587188 -29.36987822 -29.49131473 -29.18343947 -29.46952874]
[-28.97931214 -30.73756793 -29.73868796 -29.66591891 -29.02589195]
[-29.55373921 -30.66729093 -30.49858925 -30.31088757 -30.84952737]
[-30.75650403 -30.67761361 -30.76156318 -31.56155088 -29.33062683]
[-31.20117287 -29.41519319 -31.01217428 -30.12135177 -27.98622467]
[-31.07663944 -30.5800616  -29.25153646 -31.61754782 -30.50932799]
[-31.77385044 -29.15210672 -31.27471002 -30.46579738 -29.78598387]
[-30.38579925 -30.99906656 -29.46104512 -31.15173003 -30.14140476]
[-31.55474263 -31.73396555 -30.3679949  -30.26536234 -30.008475  ]
[-29.86827066 -29.34714101 -29.95016514 -30.57637979 -31.62577098]
[-32.13789591 -31.8933326  -31.48657798 -33.3528539  -33.49805286]
[-31.10223657 -31.40954796 -31.81622801 -30.44034336 -30.42141814]
[-32.72118437 -30.96209845 -31.48391642 -32.24718578 -32.58684623]
[-32.70457514 -30.52473545 -32.08373922 -32.17493796 -31.05853136]
[-31.17184274 -29.8550367  -31.96735566 -29.86601975 -30.33945223]
[-33.75997822 -33.50371026 -34.24039329 -31.98939302 -33.36047558]
[-30.65133681 -31.83568333 -32.07565939 -32.81000008 -31.97763782]
[-32.18911222 -31.67484763 -31.63953783 -32.9602514  -31.15968351]
[-33.88204433 -32.60990439 -32.41780719 -33.44567618 -33.1666387 ]
[-31.87547869 -31.38491192 -32.86557148 -33.41921195 -32.30255783]
[-34.22318701 -32.88271217 -32.47076133 -33.44861659 -34.65249127]
[-33.1203543  -32.32928675 -32.2989068  -32.36897311 -31.9732786 ]
[-32.2344524  -33.82449269 -32.56316961 -31.8768955  -32.63621944]
[-33.28111447 -34.00372145 -34.79694156 -33.23210067 -34.51225015]
[-35.01828728 -33.28700723 -32.12614533 -33.62392091 -33.08661525]
[-33.7832487  -34.95014353 -35.47923252 -33.86308928 -35.43989542]
[-34.21340908 -34.74249946 -34.34900275 -36.17374134 -35.04152734]
[-34.14629875 -33.56764892 -35.31135686 -33.69875665 -33.95015965]
[-33.96336884 -35.0205313  -34.49340536 -33.1667523  -34.9025277 ]
[-34.03504476 -34.31175685 -33.81131935 -34.21239762 -34.88888766]
[-35.78611937 -34.87924431 -33.56399314 -35.14053025 -36.74911468]
[-36.89363862 -35.30363595 -36.3841403  -36.2523848  -37.12645764]
