[0, 0, 0, 0, 0]
[-28.01725766 -28.0650863  -27.04218901 -27.80987706 -28.57930691]
[0, 0, 0, 0, 0]
[-27.02175835 -28.79006449 -27.77823117 -28.92664416 -29.65889887]
[0, 0, 0, 0, 0]
[-26.63217571 -25.37330973 -25.89406949 -25.08773329 -26.89700782]
[0, 0, 0, 0, 0]
[-25.52600359 -27.39739146 -25.56522461 -26.50722734 -28.37297871]
[0, 0, 0, 0, 0]
[-27.99783884 -27.08716219 -27.20145075 -27.37588597 -26.21116451]
[-28.94891674 -28.61462732 -28.04091381 -28.33904991 -27.86421993]
[-30.2464038  -28.8076433  -28.67244647 -28.69193669 -27.90513855]
[-27.89629319 -29.04837423 -27.81152891 -27.37985786 -28.08782797]
[-30.04318871 -28.94539283 -29.9981503  -29.12697654 -27.7236601 ]
[-29.23392783 -29.77380801 -28.40463642 -27.48860885 -28.6515363 ]
