[0, 0, 0, 0, 0]
[0, 0, 0, 0, 0]
[0, 0, 0, 0, 0]
[0, 0, 0, 0, 0]
[0, 0, 0, 0, 0]
[-27.54033736 -28.23789939 -27.33269969 -27.35147984 -27.80904138]
[-28.00091335 -28.12725242 -28.1739055  -28.29849971 -28.90020469]
[-27.53322852 -27.32376049 -27.31327476 -26.91221349 -26.29273962]
[-27.32736164 -25.77075388 -27.5411757  -26.62784274 -28.62039679]
[-27.39636115 -26.67068404 -27.46874024 -27.99768667 -27.53917291]
[-29.79447044 -31.15414009 -31.90879013 -29.4182221  -30.55003816]
[-29.5157704  -29.65633516 -29.40506151 -29.77786002 -30.11921159]
[-30.61209922 -31.04957212 -29.67728567 -31.20432792 -30.79135044]
[-30.49540786 -31.429979   -31.19331619 -31.66696195 -32.35493168]
[-31.56344111 -31.65929674 -32.82209261 -33.00728482 -31.43566146]
[-32.2664761  -32.50368048 -33.68473566 -33.53356963 -33.27674801]
[-36.78180552 -37.07854181 -36.19481987 -38.83139885 -37.31570103]
[-37.51575115 -36.74462397 -35.3013328  -35.4994603  -38.01237232]
[-33.06164012 -34.53339831 -33.95856156 -35.19591764 -32.30786092]
[-34.00547121 -33.63732883 -35.04935414 -32.79088685 -34.3644241 ]
[-38.97306579 -39.27818762 -38.14447036 -39.37374102 -38.7468917 ]
[-39.91932925 -38.4298951  -39.90340263 -40.49335853 -39.61791254]
[-38.32441023 -38.18501739 -37.09832861 -38.67233587 -37.05998515]
[-37.33241451 -37.85163627 -37.86564988 -39.15693772 -38.10987571]
[-38.67245807 -39.90745439 -38.53543666 -38.88091552 -37.40900633]
[-42.23761887 -43.97624001 -43.96452667 -43.44659268 -42.52100163]
[-43.20977405 -43.75871372 -44.06755845 -43.60905925 -42.59991052]
[-44.5439938  -44.41252783 -45.27568703 -45.00017195 -43.75306317]
[-44.32066445 -40.93956191 -41.92291712 -42.14946271 -43.53724036]
[-44.86403651 -46.37578725 -44.34840242 -43.87407087 -47.4259017 ]
[-49.77107888 -49.72263564 -49.78866307 -50.10280077 -48.9026818 ]
[-50.54087162 -49.9050982  -49.60525368 -50.27742467 -49.42785267]
[-48.20726933 -48.97116637 -48.81607357 -48.16363849 -48.53397695]
[-50.4799147  -51.13851271 -51.18195176 -52.03551836 -51.23895282]
[-50.62066204 -50.78451091 -50.41896644 -49.8215958  -51.87847109]
[-54.94156669 -53.1334429  -55.49682705 -54.78092162 -52.9524392 ]
[-59.39528624 -59.95947801 -60.51414334 -59.9891877  -60.7506269 ]
[-56.09718855 -56.23845717 -55.13620894 -56.45017006 -56.20418656]
[-57.30041384 -56.68800621 -57.49191379 -58.22066668 -56.81429233]
[-56.86033682 -57.58599156 -55.13103088 -56.6089692  -56.08571288]
[-63.85570336 -61.86942674 -62.39316151 -61.87316053 -62.14889902]
[-63.53293156 -62.95691675 -62.86409641 -61.58957468 -63.02653005]
[-61.60690964 -62.27831105 -61.40864499 -61.23336797 -60.87171045]
[-63.54764234 -63.27891232 -61.64500542 -62.42271133 -62.8678452 ]
[-64.40074148 -63.8621533  -62.47721099 -63.30263923 -63.5222612 ]
[-67.08882343 -65.38742319 -67.63069753 -67.06434937 -66.62448831]
[-66.01965543 -67.56825895 -65.86887481 -66.09143372 -65.38969062]
[-67.45205516 -67.38896546 -66.48045397 -64.85610524 -66.10721277]
[-68.53892607 -68.28644649 -68.26532466 -69.15276865 -67.36810849]
[-64.55437897 -65.23043944 -65.16542494 -64.97773366 -64.27226644]
[-73.79675852 -73.05769803 -73.16874168 -72.73806937 -73.09421371]
[-71.12807493 -69.03329417 -70.26148933 -70.27921431 -69.26397438]
[-68.77022838 -70.30054779 -69.13912716 -70.21168653 -67.83048929]
[-68.70087112 -70.96251021 -69.18693994 -69.08609065 -67.74688201]
[-68.74373169 -68.69508409 -67.44914834 -68.81214722 -69.48640961]
[-71.13419218 -70.15959982 -69.94633776 -70.21839907 -70.27953922]
[-70.44599181 -71.10173349 -69.43647321 -70.4828351  -70.64447431]
[-72.99661446 -71.83338274 -73.01212615 -71.98531491 -74.42982536]
[-69.95026366 -68.76392449 -67.84686718 -66.71466466 -68.10545195]
[-70.06226736 -69.85576698 -68.83320789 -70.19462167 -67.66596325]
[-70.54551238 -70.64370628 -72.62534436 -71.98067222 -71.30561762]
[-69.75834006 -71.27261148 -71.10594091 -70.20276144 -71.08051178]
[-72.50225403 -71.2295576  -71.94495858 -71.89904404 -73.39423376]
[-68.46815336 -69.86350456 -69.58509012 -69.27660337 -70.4971962 ]
[-73.1254433  -75.37593813 -73.88504712 -73.76674409 -75.1539982 ]
[-70.33553684 -68.44039567 -68.03153481 -69.54747772 -68.68440911]
[-72.6868108  -70.27932611 -71.83149955 -72.06543874 -71.86052949]
[-71.4375383  -71.40841049 -71.92339185 -70.67466919 -69.73734182]
[-71.27664965 -71.33691208 -71.34166132 -70.54282854 -70.87990327]
[-70.27571407 -71.5114379  -70.19480243 -70.28726262 -70.49561849]
[-73.39133027 -73.01755083 -73.46572102 -73.11496659 -74.36205852]
[-71.16891183 -70.58199075 -72.44894792 -72.46750939 -70.38401475]
[-69.88825304 -70.96207133 -71.02395869 -70.67466421 -70.26883765]
[-69.17223604 -70.78552588 -69.52819605 -70.79140714 -70.82513795]
[-72.6091591  -72.45738868 -70.55310208 -71.9803881  -72.94066088]
[-70.42152574 -70.36796175 -70.34279464 -70.97733729 -68.73422684]
[-71.16059252 -70.590813   -70.5424527  -70.74586158 -69.40329282]
[-68.55396786 -67.16796341 -68.67908283 -67.50560606 -68.63247939]
[-71.62815346 -71.38389407 -69.90225451 -70.630504   -69.52030061]
[-70.99410405 -71.92022472 -71.93524435 -70.54636333 -71.26616383]
[-72.945808   -71.51545626 -70.24320357 -72.35168001 -71.48746453]
[-70.8012409  -70.57196557 -70.67045841 -70.05665741 -71.21052976]
[-72.30292045 -70.00003021 -72.02762812 -70.93921539 -70.26133824]
[-73.22212175 -74.57201322 -72.0077953  -73.27402066 -72.99575036]
[-69.25210124 -71.43032442 -69.66094704 -69.40721701 -69.55192368]
[-72.21773173 -74.12928444 -73.60920676 -72.42594732 -74.02676933]
[-69.74404706 -70.69652567 -70.09715476 -69.7837815  -69.3255111 ]
[-73.15201213 -73.50458016 -72.80670482 -74.20589961 -73.10501244]
[-73.95429996 -73.4157548  -72.82732234 -71.68968817 -73.04538428]
[-73.46880594 -73.44510394 -71.50861366 -73.87036682 -72.76979485]
[-78.8493514  -77.99814122 -77.45354554 -76.53400657 -77.23147711]
[-73.67705915 -72.85483916 -73.73569901 -74.6383182  -74.11713824]
[-74.35395722 -74.35078469 -74.40092561 -74.67451091 -75.18903592]
[-75.01398195 -74.98856077 -75.18922715 -73.55779895 -74.9114941 ]
[-71.29276917 -71.38292973 -71.83285419 -70.50432404 -72.39842049]
[-74.22054934 -74.04586673 -75.36516937 -75.00272052 -76.53901282]
[-76.71689213 -74.72035132 -76.15349641 -75.14217156 -75.69690937]
[-75.18390791 -75.89610929 -74.02074482 -75.02531121 -75.00345035]
[-76.17750715 -75.98552843 -75.88816089 -76.70792596 -76.24163886]
[-73.50918153 -74.82222051 -73.99915345 -76.16233881 -74.34971144]
[-74.30162593 -74.39812315 -74.49967946 -75.3784399  -74.91784333]
[-74.51673369 -75.58418008 -73.46022842 -74.67128504 -73.03585631]
[-74.424805   -74.62844904 -76.44093321 -75.61583329 -75.58507662]
[-74.95985994 -75.70233499 -76.15382195 -74.8173346  -74.85628603]
[-75.86409394 -76.26259446 -76.49106692 -74.41961618 -76.46298725]
[-74.51201549 -73.94770663 -74.00373744 -75.75611331 -73.89655703]
[-72.34209163 -73.12560596 -71.4544853  -71.34567291 -73.39141305]
[-74.3222949  -73.81454499 -72.58883231 -75.0126265  -74.07314774]
[-75.53140012 -75.47952061 -74.95653878 -74.95816781 -76.13340866]
[-72.07218829 -73.14111198 -74.70707048 -72.80809007 -72.31037423]
[-71.53061008 -72.93075071 -71.39454018 -70.60710188 -72.54475588]
[-72.81056225 -74.86511574 -74.39526486 -73.3295134  -73.09281105]
[-73.5792036  -73.75660218 -73.946127   -73.39497972 -72.6411215 ]
[-72.01121565 -73.0155456  -72.88715423 -72.04402859 -72.51446995]
[-75.47979032 -74.37149987 -76.20104836 -75.82395588 -76.16115562]
[-72.57570221 -73.99883352 -72.5201241  -71.87878253 -74.19723154]
[-73.50141434 -73.16207194 -72.35367396 -72.19593792 -70.73956054]
[-76.18427086 -75.82707225 -76.1581247  -74.61926936 -75.79994159]
[-74.87139187 -75.15338148 -77.30009792 -76.54495945 -75.82529977]
[-76.10206755 -74.93953875 -73.74680751 -75.47812473 -76.85751589]
[-72.45453011 -72.52118118 -72.67212965 -72.93704726 -71.72089354]
[-73.73404071 -75.45403049 -75.8789635  -75.0403073  -74.94966506]
[-70.3797988  -71.4959671  -71.97231023 -71.66773904 -70.1878542 ]
[-72.39556288 -72.88907137 -73.80955169 -72.99909929 -72.08688116]
[-74.57229296 -75.42951144 -74.0595604  -74.7545095  -73.72922346]
[-70.58112537 -69.9455675  -68.90849484 -70.057117   -70.5314288 ]
[-72.28865724 -72.84124712 -71.94645535 -71.25450316 -71.22042419]
[-68.90006571 -69.32572767 -69.33655343 -70.76525096 -69.20836781]
[-71.4472204  -72.02620812 -72.61149932 -72.21088384 -71.87888743]
[-68.32902783 -68.81686283 -68.54725904 -67.10619846 -68.83208982]
[-67.79710845 -66.24390062 -66.53928661 -66.64945151 -66.18798332]
[-68.42326936 -67.85551856 -67.36196027 -67.38767938 -67.89050994]
[-67.1926855  -67.07303304 -66.73616165 -67.80353468 -67.78158322]
[-68.18159126 -67.9997067  -69.62551224 -67.90114332 -68.58232413]
[-66.66540643 -66.02712202 -66.00969063 -66.97324887 -67.30172367]
[-65.24553893 -66.68857475 -65.05553563 -65.03005963 -66.57357617]
[-66.15313822 -66.00226786 -66.66363478 -64.51858909 -64.51684045]
[-65.36553087 -67.13324317 -68.48703648 -65.10351408 -67.53388918]
[-65.88083374 -67.18573572 -66.42195933 -65.3605049  -67.75296333]
[-65.25685018 -63.99899704 -66.54088753 -66.8563064  -66.53005588]
[-65.91958198 -65.13640488 -66.05462282 -65.6355345  -65.3130644 ]
[-62.89259411 -64.22766306 -62.57609417 -63.32503716 -62.25314569]
[-63.63946853 -63.05862762 -63.88419805 -63.23668222 -63.59443663]
[-65.37199794 -63.38186054 -64.29921476 -65.4726825  -64.4295074 ]
[-63.71504924 -63.7589313  -62.80148992 -63.96287534 -63.93455059]
