[0, 0, 0, 0, 0, 0, 0, 0]
[-41.24200961 -39.29014592 -40.08935603 -40.25605011 -38.24297345
 -38.47839341 -39.66087004 -39.64608028]
[-46.98592579 -46.49974246 -47.02315724 -47.62460105 -47.84495865
 -47.03773012 -45.79624207 -48.09097778]
[-46.00078182 -44.67675209 -47.14934344 -46.59054047 -46.51614832
 -46.90713334 -46.36924431 -47.69263845]
[-45.27127637 -46.17504134 -44.85434188 -44.99131059 -45.50794213
 -44.10016062 -45.26045888 -45.4996505 ]
[-48.13375804 -47.42167158 -47.91117893 -47.6527302  -48.47768598
 -47.34629963 -47.35800306 -47.34234505]
[-52.44332234 -53.95571632 -52.78431565 -54.30772099 -52.7466556
 -53.54941568 -52.88665762 -53.43141862]
[-50.59768985 -50.19202792 -51.35110916 -52.24968428 -51.03011137
 -50.62791787 -51.16765976 -50.94683808]
[-50.54223667 -48.83576863 -49.7474002  -50.01508015 -50.8720419
 -49.68921336 -50.52163274 -47.89383308]
[-52.14242365 -51.05246277 -51.88592004 -51.67164487 -50.75753878
 -50.67001748 -49.83734192 -49.63812637]
[-56.53970619 -56.00339385 -55.06669218 -55.69889083 -56.31397323
 -57.63788384 -56.46797989 -54.70795757]
[-55.81912927 -55.77618376 -56.65761118 -55.37051215 -55.56069704
 -54.83452007 -55.19828747 -53.92568836]
[-54.06817444 -52.93969412 -55.15544283 -52.16597016 -53.869681
 -52.20115321 -51.96234514 -53.1838459 ]
[-47.63898148 -48.41600704 -46.70701299 -47.0571742  -47.02252428
 -48.40384152 -47.94225369 -49.04741499]
[-54.61776589 -54.11723322 -54.80071181 -53.26357418 -54.8077406
 -55.4843335  -53.50971856 -54.59895941]
[-57.18191655 -55.71187054 -56.99419948 -56.03057538 -56.75940967
 -55.03814776 -55.04506699 -56.65147973]
[-56.29855029 -54.1666138  -54.76176472 -54.34258658 -55.28835694
 -55.86923756 -53.47811886 -54.897619  ]
[-61.66442283 -60.59000346 -60.64661245 -62.26610336 -61.65430203
 -60.04435098 -61.92747629 -60.78495035]
[-55.75614022 -54.46758816 -53.45307439 -55.74792617 -55.91063288
 -56.12943062 -53.45756054 -55.94807241]
[-52.87779926 -52.47182417 -54.61590512 -55.52681371 -53.10803408
 -53.86644138 -54.26671384 -52.96874273]
[-56.99533425 -57.49245196 -57.45069078 -59.10412492 -59.35382108
 -56.50120353 -58.46612492 -57.83910667]
[-54.34983155 -52.44317617 -53.74403056 -54.08058444 -54.09096712
 -54.13801318 -53.78085347 -55.13156004]
[-47.7151819  -47.96094277 -47.58035651 -46.44925141 -46.57472938
 -47.17386981 -48.57214521 -47.64100938]
[-49.47480925 -49.87735283 -49.00008211 -50.58077154 -50.37295309
 -50.69225021 -50.00365273 -51.12555069]
[-51.42459536 -52.04134323 -50.84435138 -49.84273467 -51.17385066
 -52.21342129 -50.45041554 -51.81599099]
[-54.39138097 -54.94916749 -54.56046437 -54.29731947 -53.11323977
 -54.89806264 -55.9798583  -54.90408926]
[-62.67308561 -62.59084215 -63.63802774 -61.91655017 -63.03377628
 -61.56602351 -63.66961274 -63.86241466]
[-58.64495101 -60.77183236 -56.84505688 -58.63826246 -57.98810644
 -58.7198234  -57.71770563 -56.69470929]
[-54.63634933 -55.96519263 -54.80109722 -54.54894883 -57.03384658
 -56.20404903 -56.02470707 -56.86970701]
[-54.35984156 -53.79238545 -53.25531432 -54.06929434 -53.50790209
 -54.26907223 -53.78145857 -52.967607  ]
[-51.72488368 -51.25035945 -50.75015289 -51.81979968 -52.46635592
 -51.52206744 -50.7783646  -52.13218778]
[-51.66934473 -48.80580918 -48.14000303 -50.42782983 -50.04766242
 -50.12884993 -49.42012018 -49.03487648]
[-52.61664033 -52.29511947 -52.3137443  -51.73424251 -52.56598796
 -53.42089812 -51.63804349 -52.12520644]
[-54.49981724 -54.37387042 -55.6724789  -53.63534621 -53.0139181
 -54.76585794 -54.75351799 -54.30688421]
[-58.24789393 -57.70933693 -56.46634775 -57.58629627 -58.73600141
 -57.18610732 -59.23573682 -58.66975076]
[-61.65409832 -61.1864792  -61.29693858 -62.68446796 -62.53377583
 -62.92628585 -61.78366968 -61.88932427]
[-68.21624619 -68.57460811 -68.49728832 -67.1930108  -68.08271656
 -68.3460574  -69.38257588 -68.12924832]
[-73.28855937 -73.64799885 -73.78665867 -73.49049106 -73.16621199
 -73.38724757 -72.16623658 -73.23363139]
[-65.63301607 -66.04867189 -66.19542806 -68.0112832  -67.71360837
 -68.08776575 -66.99103813 -66.17623475]
[-68.60783593 -68.66703762 -69.3047643  -68.56092084 -66.86885697
 -67.92758968 -68.31960308 -68.79934459]
[-75.83413501 -75.51878551 -75.19706683 -75.35556044 -75.01674854
 -75.58063474 -76.11258723 -76.40874016]
[-74.07241126 -74.61838321 -72.48976927 -75.50393722 -72.20811293
 -73.36526151 -73.94930439 -75.64877423]
[-83.57155437 -84.0590313  -83.90949925 -84.78524781 -84.66338446
 -83.69613426 -82.62463868 -84.37037024]
[-87.63685937 -87.97958309 -85.76772838 -87.28685479 -86.8915829
 -87.6480735  -87.12064361 -85.85320813]
[-92.71444399 -92.81444511 -92.68807255 -92.23091316 -92.86092228
 -94.00938464 -93.31430578 -93.15824836]
[-102.09816672 -103.1318051  -104.30483996 -104.52871749 -102.86151099
 -102.51431147 -104.17483129 -102.41896528]
[-103.66675899 -103.04296634 -103.74760963 -103.50187549 -102.04085518
 -102.36715178 -103.70041362 -103.64618518]
[-95.72042579 -95.86599934 -94.78337524 -95.67180457 -96.887826
 -97.25092202 -96.35748669 -96.41836517]
[-114.28895109 -117.1365909  -115.1133551  -114.82895456 -115.85444159
 -114.81756309 -115.12751489 -114.45378499]
[-99.09850093 -98.0124734  -97.12488577 -98.37413298 -97.0704795
 -99.73168306 -98.02734702 -97.78372457]
[-107.70444335 -107.54446371 -104.99225903 -105.19250052 -106.31539377
 -107.23988111 -105.73562677 -106.53317702]
[0, 0, 0, 0, 0, 0, 0, 0]
[-125.00806781 -123.97658025 -123.74825471 -124.42791449 -125.84202867
 -125.18681818 -126.24797697 -123.92243226]
[-123.90867649 -122.86316538 -125.52313056 -123.08790755 -124.64203863
 -123.12233351 -123.80515566 -124.8202647 ]
[-124.81561199 -123.83091354 -126.16245576 -124.01877224 -125.58264943
 -125.71127756 -125.81622008 -125.82265675]
[-122.0362725  -121.54155421 -122.20986046 -121.47084055 -122.75692439
 -122.06089606 -121.9293368  -121.67931941]
[-122.08397653 -120.8945719  -122.00954589 -122.28316011 -122.4802495
 -121.88031178 -121.93812033 -121.44571129]
[-123.01917425 -123.52401959 -121.96108805 -123.57612817 -121.92958707
 -122.89996387 -122.89979582 -121.21113546]
[-124.73238452 -125.1649386  -123.98822029 -126.1678299  -124.83997202
 -124.40176091 -124.63752446 -124.97404155]
[-124.66210327 -123.74729136 -121.96011151 -124.62336175 -123.58085739
 -123.86296857 -124.60362106 -122.73264215]
[-121.08206565 -120.68945939 -119.97585656 -122.08446992 -121.34417435
 -120.62646413 -118.83027034 -121.04062692]
[-122.71921954 -123.44311457 -121.46167061 -122.65335328 -122.00136566
 -122.21191691 -120.60916999 -121.88378545]
[-121.09951605 -122.05812555 -122.53466491 -122.94923144 -120.55677555
 -122.37932508 -123.75783247 -122.52444561]
[-109.53017816 -108.85551771 -110.60993856 -110.88180251 -109.98549795
 -110.30514892 -110.50803741 -108.9687266 ]
[-112.04132622 -113.6488197  -114.15338693 -112.54830837 -113.8801872
 -113.56475764 -115.07312594 -112.97540341]
[-121.79270995 -121.39495557 -121.08280389 -120.98301057 -120.10382587
 -122.54387154 -120.12596188 -120.61617251]
[-105.89507978 -107.56535048 -105.69631674 -106.05630937 -104.62447117
 -106.94935576 -105.85361113 -104.57844433]
[-82.99788399 -82.70445635 -81.32576385 -81.94859569 -82.15876171
 -82.86960352 -82.94537648 -82.63025148]
[-72.55122105 -73.15426264 -71.93675613 -73.30459018 -72.06469668
 -74.26850461 -72.814713   -73.18185703]
[-70.89699548 -71.19995721 -73.13685522 -71.48195548 -72.43427818
 -70.84136796 -70.40522284 -70.15279974]
[-66.59413948 -67.47869809 -67.79643156 -67.32834697 -66.09287842
 -67.19666882 -66.38660561 -68.13234672]
[-64.94542584 -64.48551138 -65.9214354  -66.43677215 -66.35539654
 -66.30809374 -64.53757536 -66.53770569]
[-58.92135963 -58.88979055 -57.72483771 -57.8016774  -58.25719659
 -58.92722925 -58.54974534 -59.58319038]
[-55.3747964  -56.92732166 -56.46210085 -55.56236416 -58.57373426
 -57.83757958 -56.22409902 -56.16780894]
[-54.83873808 -54.24580001 -52.58591535 -53.66739185 -52.38801275
 -53.3707598  -53.40297154 -54.64077254]
