[0, 0, 0, 0, 0]
[-27.96713238 -27.8736731  -26.85223808 -28.03733812 -28.42506797]
[0, 0, 0, 0, 0]
[-26.91438339 -28.43701192 -28.41357616 -28.86225296 -29.88066792]
[0, 0, 0, 0, 0]
[-24.66143326 -25.29922894 -24.64607363 -23.7972313  -25.61697233]
[0, 0, 0, 0, 0]
[-25.79090967 -27.41984116 -25.77826658 -26.74946717 -27.48763836]
[0, 0, 0, 0, 0]
[-27.32005669 -26.81388264 -26.84844382 -27.64185554 -25.620978  ]
[-26.6077711  -27.73244898 -26.2813598  -26.77795585 -25.63188312]
[-29.53563303 -28.52390198 -28.54169581 -28.06893727 -26.87671348]
[-26.40083814 -28.11378139 -26.75274142 -26.4577471  -27.53054935]
[-29.06462736 -28.0292597  -28.12543535 -28.43562155 -26.5880705 ]
[-28.03058159 -28.50695348 -27.12793797 -27.24977007 -28.14182279]
[-26.26617733 -28.45554161 -28.01667683 -26.82434966 -26.34499008]
[-26.652264   -26.41449395 -26.58928585 -27.44266077 -26.89022714]
[-27.89543735 -28.89505745 -27.97838162 -28.29066906 -29.21079085]
[-26.62033519 -26.75757227 -28.55098267 -28.10232134 -27.08741901]
[-27.69869225 -27.77680352 -28.04064333 -28.40899857 -26.82462803]
[-28.03561077 -26.72186209 -25.44783141 -28.35492849 -26.14008696]
[-27.0986834  -25.72785912 -26.16692212 -26.33426579 -25.90314251]
[-27.2872603  -26.88833131 -25.57405169 -25.52957834 -26.55579959]
[-27.29615392 -25.78616667 -26.23229715 -26.09600478 -27.24316389]
[-28.68609894 -26.76376709 -27.85830118 -27.27162222 -27.58718777]
[-30.04125838 -29.17117618 -28.67088422 -30.51097152 -31.00266111]
[-25.9915573  -27.30970393 -28.27513396 -26.47622701 -27.17509425]
[-29.51453185 -27.42623293 -27.02967681 -27.80126183 -28.11256894]
[-26.56356494 -27.99371243 -28.26072592 -28.03943533 -27.00335649]
[-28.14108942 -27.33752644 -28.36710495 -25.7609394  -28.33164298]
