[0, 0, 0, 0, 0, 0, 0, 0]
[-40.18873295 -39.55675109 -39.49068221 -39.4882663  -38.494838
 -38.34373969 -38.18257789 -38.10970822]
[0, 0, 0, 0, 0, 0, 0, 0]
[-38.43487927 -39.78992614 -40.47600287 -39.80908721 -37.68867187
 -38.56483837 -39.7189722  -39.30530598]
[0, 0, 0, 0, 0, 0, 0, 0]
[-39.40565376 -36.64359123 -38.78408594 -38.86593139 -38.54406307
 -36.45227148 -36.87822541 -36.94643925]
[0, 0, 0, 0, 0, 0, 0, 0]
[-38.45644121 -39.06138651 -39.11226104 -37.39125563 -37.86190164
 -36.99944476 -38.30215777 -37.70965901]
[0, 0, 0, 0, 0, 0, 0, 0]
[-39.62601054 -40.52769571 -40.66557909 -39.87854597 -39.91489088
 -40.37819887 -41.41394315 -40.26588151]
[-52.17712264 -51.13560155 -50.81572162 -52.38872807 -50.44171028
 -50.85991654 -49.90008636 -51.21153991]
[-49.99640647 -49.67234572 -50.99610976 -51.1510606  -50.87910729
 -50.04438739 -50.29797203 -51.11497452]
[-49.45121257 -49.90126672 -50.31131292 -49.71368729 -49.90744858
 -49.02972883 -49.24908721 -50.62994875]
[-48.39266545 -47.01658891 -48.61343546 -49.28934529 -49.07039881
 -49.50612078 -49.75162024 -50.37402056]
[-48.73294567 -49.42951959 -49.10948952 -48.84588083 -49.79444098
 -47.30563016 -49.17561335 -48.56405171]
[-59.26499808 -59.52085825 -58.48203919 -60.08326471 -59.24390525
 -59.50292836 -59.23783309 -58.48952366]
[-58.86923598 -58.33785507 -59.72796653 -58.8487528  -59.35360325
 -59.19946083 -59.73413733 -58.19434099]
[-62.94854283 -64.63745751 -64.635341   -63.21379521 -63.80023247
 -64.08992392 -63.93189161 -61.56098403]
[-63.6293034  -61.645642   -61.11637311 -62.27575789 -61.68914656
 -62.45115856 -62.14782826 -63.5726551 ]
[-57.43092451 -56.43783622 -58.17955527 -58.12674856 -55.95978403
 -56.58207884 -56.9300236  -57.58202767]
[-63.8202776  -65.78711212 -63.84684699 -64.92208809 -65.88539245
 -64.95519191 -63.42833544 -65.01683857]
[-64.68222428 -64.00066377 -65.17077289 -63.52015999 -65.45956067
 -63.06199756 -65.59603728 -63.79295663]
[-65.75085342 -65.94756416 -66.04203023 -65.04800741 -65.82243618
 -65.00012641 -67.63145949 -64.72776231]
[-67.93984438 -67.90640344 -67.08949321 -67.82815286 -66.81385166
 -68.25980064 -68.44844015 -67.84318045]
[-65.80739214 -66.26052691 -63.70460422 -65.4428566  -64.70776296
 -64.76347768 -65.92375776 -63.33246426]
[-74.43788141 -73.8743485  -73.75848139 -73.66361288 -74.85932708
 -74.63287497 -74.92888032 -75.4211441 ]
[-72.0055628  -71.50556418 -71.59719065 -70.20860296 -71.6328795
 -70.75162046 -70.47643419 -71.28149228]
[-70.97662981 -70.50579421 -69.35124214 -68.6954246  -69.00477101
 -69.35698924 -68.24127084 -70.23989374]
[-74.00996522 -74.27168606 -73.65525971 -73.30551228 -74.84526038
 -74.51127596 -73.25353333 -74.82504819]
[-71.8824267  -72.8120557  -73.17879386 -74.06238124 -71.86095902
 -72.83941225 -73.65022791 -73.27214405]
[-79.32637799 -80.56848023 -80.94340266 -80.7761067  -81.7893791
 -81.89849229 -79.76328464 -80.48961745]
[-78.84690044 -79.61280858 -80.28910903 -80.18260257 -78.29578782
 -79.26881347 -79.47830634 -79.23399072]
[-78.49705895 -80.06512147 -80.03091481 -80.7912722  -80.03175257
 -81.5421737  -81.04359337 -80.01038276]
[-80.32706901 -79.42196235 -80.68635185 -79.24565986 -80.51192736
 -79.27551109 -78.88200528 -79.71582964]
[-81.65626444 -81.8240443  -81.33219553 -80.71171354 -79.60183232
 -81.52756139 -80.49851676 -80.89552721]
[-75.70713922 -75.17271636 -74.8077615  -75.05706071 -75.38484617
 -74.92846263 -75.86363578 -74.85981213]
[-75.34768474 -74.8021341  -73.37942391 -74.20648343 -75.43198514
 -74.8150865  -74.01078721 -74.91026318]
[-73.87563831 -75.36515284 -74.40526542 -73.56966918 -73.50722842
 -74.02683096 -74.60601408 -74.27760119]
[-74.1645242  -73.68346432 -73.19415416 -73.8831862  -74.16068955
 -72.36766339 -73.26993871 -74.81643062]
[-76.07511891 -74.11707161 -74.79609253 -73.74380314 -75.82838745
 -76.67208145 -74.93818181 -77.05995741]
[-79.76047872 -78.65418048 -78.92534279 -79.52827404 -78.85308818
 -79.61710884 -77.19817017 -78.44454979]
[-79.98287403 -78.83478682 -79.85585747 -79.84663458 -78.99237344
 -79.39209906 -77.97750818 -79.47688552]
[-79.6411201  -79.47927221 -79.18020192 -78.13318601 -78.61271806
 -78.94911568 -78.70566685 -79.66497208]
[-81.66824337 -79.62294488 -81.52896227 -79.94253305 -81.65057482
 -80.89182678 -81.2211769  -82.10392808]
[-79.4039388  -81.83066521 -79.8420637  -79.88205208 -81.14299684
 -81.03969076 -80.26794697 -81.07381206]
[-91.87181791 -92.18736486 -91.3562713  -91.30034342 -91.89222682
 -92.16112165 -92.00675371 -89.7363981 ]
[-89.81334981 -89.52473971 -90.92938779 -90.55204091 -91.39001353
 -90.74117003 -89.93622928 -91.26081653]
[-89.37839559 -89.43959843 -88.84641021 -89.11324834 -89.9629086
 -89.42155828 -89.64871532 -89.53816819]
[-89.33846397 -88.55858565 -89.48345929 -89.6882176  -88.73692233
 -88.29730518 -89.48038302 -90.54861407]
[-89.62052551 -90.14197283 -89.52536993 -90.25241419 -90.99595874
 -90.50890217 -89.61031936 -90.45913831]
[-96.86954745 -97.3948402  -97.13500661 -97.34732645 -97.41789727
 -97.68018091 -97.34674917 -97.00306266]
[-96.62290068 -95.89714048 -96.24158159 -94.92414701 -95.85688759
 -95.30548368 -96.13747934 -96.30553948]
[-94.52028041 -94.53644804 -94.91831952 -96.18789152 -94.67129482
 -95.09562314 -94.45188842 -93.76879033]
[-97.39131168 -97.08893179 -96.7450857  -95.51998024 -95.84037821
 -97.49924623 -96.99705249 -97.12406945]
[-92.17630227 -92.98076718 -93.03278147 -94.30761173 -91.71560692
 -93.06968167 -93.73169299 -94.27865676]
[-98.36441714 -97.89534632 -97.05703336 -97.15379965 -97.82972232
 -97.33394826 -98.4509724  -98.60825694]
[ -98.27917577  -98.0052913   -98.7083138   -99.1937058  -100.27506854
  -97.53991221  -99.19181154 -100.10093743]
[-100.19202223 -100.67344407 -100.71585214 -100.63825846 -100.8298061
 -100.53590895  -99.92476495 -100.32252341]
[-98.30719428 -96.93325242 -96.41732886 -98.45728128 -99.74564688
 -97.87588956 -98.11872957 -97.83315014]
[-101.90090334 -100.34007613 -100.77041269 -101.55228534 -101.69139685
 -103.18270957 -101.10290899 -100.99835183]
[-89.32048019 -89.32413258 -88.18956988 -88.40078974 -88.86924186
 -90.36354084 -88.88654673 -88.58119945]
[-91.03008489 -92.25111769 -90.54316812 -91.07840716 -90.37294255
 -89.83357923 -90.73010808 -91.56654182]
[-91.70500212 -90.4650262  -93.31405207 -92.08358801 -91.5604766
 -91.07276272 -92.63781798 -92.1090985 ]
[-91.14622238 -90.53907688 -90.59141613 -89.91473296 -89.71576429
 -90.26414203 -90.71416941 -88.8004206 ]
[-91.59458324 -92.16580939 -92.36854483 -91.97737893 -91.35225383
 -91.00775499 -92.51269512 -92.22832317]
[-100.99519214 -101.0902201  -101.71577157 -100.99032095  -98.94763714
  -99.9806589  -100.03914826 -101.47457044]
[-100.67912242 -101.46155645 -102.05840009 -102.45958016 -102.43372182
 -102.53416825 -103.23083614 -102.51134759]
[-97.55366718 -96.85220486 -96.9457445  -97.15540882 -97.24439886
 -96.94951886 -98.16012979 -96.50117343]
[-99.26322417 -98.57948214 -97.53484455 -98.99487781 -98.03125036
 -96.81405334 -97.83409796 -97.79616678]
[-102.27647641 -101.21817244 -102.81091961 -103.3223642  -103.28405095
 -102.30039221 -101.75305389 -101.39358745]
