[0, 0, 0, 0, 0]
[0, 0, 0, 0, 0]
[0, 0, 0, 0, 0]
[0, 0, 0, 0, 0]
[0, 0, 0, 0, 0]
[-27.45298539 -28.99763998 -27.62644524 -27.6253762  -27.86047186]
[-29.02347347 -28.54196742 -29.14607885 -28.00834888 -29.30962028]
[-27.29456371 -27.35370316 -27.09817033 -27.45242333 -26.00509061]
[-26.76277947 -25.2024864  -27.51553681 -26.94556678 -28.42867877]
[-27.67361754 -26.84205644 -27.98520296 -28.3953113  -28.56397769]
[-30.27095464 -31.63061632 -31.72384969 -29.22932095 -30.7256069 ]
[-29.42105899 -29.64598457 -28.7714812  -30.39149684 -30.60069796]
[-30.91438928 -31.13027235 -29.7594082  -31.1059992  -30.53576065]
[-31.30364031 -32.48138728 -31.85627023 -31.89917017 -33.03766969]
[-30.7461926  -31.15440733 -31.72172335 -32.17889722 -31.07434492]
[-31.85771037 -33.30163402 -32.81385873 -33.87464223 -33.05834633]
[-36.59392322 -36.42464408 -36.53268218 -38.05938468 -36.854749  ]
[-37.01374679 -37.59099146 -36.16691473 -34.95722008 -38.19271725]
[-33.3450285  -33.84130314 -34.79254251 -34.53986354 -31.84710154]
[-35.10199985 -34.13338385 -35.3080597  -32.9718319  -35.1093338 ]
[-39.04560042 -38.74741076 -37.24629364 -38.70151734 -38.30192001]
[-39.42520047 -38.5917511  -38.66731328 -40.1294558  -39.27431205]
[-38.95190069 -39.45952351 -37.83180459 -39.39651716 -37.31900746]
[-38.08865186 -38.14589415 -38.26921635 -39.01639479 -38.07876964]
[-38.11133074 -39.52273941 -39.25847794 -38.31225739 -37.19935941]
[-42.61067095 -43.61521402 -43.65970795 -43.72498672 -43.10566184]
[-43.81595782 -44.18790018 -44.45638979 -43.99386512 -42.78179212]
[-43.95177163 -44.08351615 -44.9301757  -44.14617427 -43.66407557]
[-45.50189751 -42.59723584 -42.24307483 -42.8628753  -44.50924457]
[-44.85738268 -46.03207696 -43.45528874 -43.33574154 -46.5105759 ]
[-48.75798206 -48.8151264  -48.86756786 -48.87641294 -48.5156912 ]
[-51.27378112 -51.02861167 -50.33281513 -51.04356093 -50.9737376 ]
[-49.22477805 -49.17862331 -49.42578101 -48.59186162 -47.98865768]
[-50.30914088 -50.8685333  -51.19579651 -51.22031615 -51.33318082]
[-49.49330114 -49.0896795  -49.5487211  -48.23371648 -50.82914872]
[-54.97884801 -54.00719575 -55.89700161 -55.19067568 -53.85665847]
[-57.98976374 -58.06216001 -58.46633325 -58.36839623 -59.01661714]
[-55.17718381 -56.53365707 -54.98411249 -56.36249375 -55.80606938]
[-55.95480785 -54.77068531 -55.00341571 -55.92492463 -54.99713273]
[-57.63712276 -57.61097701 -55.36608891 -56.23781132 -56.56233934]
[-62.72569313 -63.42912185 -62.63426251 -63.02155284 -63.22891285]
[-61.70117837 -63.08645716 -62.92957895 -61.49391762 -62.54213718]
[-60.52201355 -62.16979139 -61.04923585 -61.04118364 -60.01286043]
[-62.48207046 -62.79841429 -61.76112616 -62.06025384 -62.84443278]
[-65.10885562 -64.13224825 -62.46350157 -63.94489319 -64.07702537]
[-66.71771667 -64.94078937 -66.92095059 -67.05004514 -66.28485048]
[-66.66800291 -67.47040883 -66.228717   -65.72146601 -66.79554356]
[-66.79991637 -66.43464843 -65.15879905 -64.85277092 -64.70848272]
[-67.20997877 -67.87476416 -67.79678821 -68.9210643  -66.94229425]
[-65.03124066 -66.60008337 -65.82900646 -65.44695249 -64.93266261]
[-73.78521258 -73.22146928 -73.8972363  -73.14802818 -73.72616116]
[-69.69858544 -68.59211951 -68.75986827 -69.89884075 -68.87236844]
[-68.70942703 -70.08709923 -69.69630309 -70.37011122 -67.79107806]
[-69.88073645 -70.83280502 -69.5464387  -69.35648765 -67.73795451]
[-67.7818221  -68.07267056 -66.85508134 -69.0108934  -68.9447072 ]
[-71.07981337 -70.41248076 -69.48174694 -70.13617319 -70.94896542]
[-71.31070469 -71.91929179 -69.76326846 -71.66660334 -71.13619139]
[-71.96385206 -70.76837416 -73.04442549 -70.6535532  -74.0781315 ]
[-70.50048525 -71.16238588 -68.82668197 -68.16767193 -69.95498552]
[-70.5714783  -70.10763724 -69.97786265 -70.29624419 -68.29568574]
[-71.75087338 -71.51425752 -72.07059212 -72.19376889 -71.97588506]
[-72.13951389 -71.2141433  -72.24187864 -71.22161221 -72.55799674]
[-72.13805593 -71.04264993 -72.23868277 -71.34953065 -73.33133843]
[-68.69163829 -70.47291524 -71.02680623 -70.73150096 -70.29156036]
[-73.41717841 -74.78940609 -73.36666081 -72.39439848 -74.03530708]
[-70.19572815 -67.86493827 -68.23832903 -69.71602336 -68.96003542]
[-73.52598473 -71.2124764  -71.81783985 -71.57106245 -72.87051561]
[-71.27479933 -71.21622212 -70.78360795 -69.70844534 -70.1325782 ]
[-71.34831963 -71.59853002 -71.26415479 -70.5243982  -70.99843715]
[-69.58163044 -70.35804255 -69.73553094 -68.34333524 -69.49838522]
[-72.17973581 -72.77502375 -73.46876064 -73.41838815 -74.33739112]
[-72.32645896 -72.20973287 -72.20638089 -73.08081678 -71.33991683]
[-70.95430014 -72.83905588 -71.08794739 -70.74374781 -69.9524358 ]
[-68.57821372 -69.36716963 -68.44536379 -68.82659744 -71.35988673]
[-71.66916475 -71.7494351  -69.71695863 -71.4458149  -72.15050174]
[-69.52011685 -68.0619984  -68.53108834 -69.82775637 -67.21699745]
[-68.71318382 -68.68694624 -67.87665379 -68.87409276 -67.32812217]
[-67.60350471 -66.66348261 -67.51966266 -66.85725828 -67.73466691]
[-72.4962423  -72.58946718 -71.13231736 -72.70685295 -71.44961414]
[-71.05315922 -72.53590496 -71.55719456 -69.8372018  -71.62237346]
[-71.1304493  -71.32838785 -70.75480298 -71.11075171 -71.04040695]
[-70.24218321 -69.43535734 -69.11041191 -69.9028163  -69.9734454 ]
[-71.1053556  -70.38172575 -71.27238408 -70.20044864 -70.07770696]
[-72.22856205 -73.17904131 -71.68845447 -73.08484559 -71.4173307 ]
[-68.5734157  -70.18170547 -69.56037577 -69.32399655 -69.41649175]
[-71.58708201 -71.84017183 -71.59304177 -70.58434764 -71.82433949]
[-68.7313267  -69.01760932 -69.52988626 -68.63944899 -68.68169877]
[-71.54002409 -73.34708975 -71.04617013 -72.30214146 -71.7958487 ]
[-74.28465174 -73.02908194 -73.09083838 -72.16948386 -72.85366579]
[-71.26437703 -71.46352897 -71.2399605  -71.0969162  -70.89326895]
[-75.28488795 -74.18098166 -73.41058169 -73.52726362 -73.23850312]
[-73.21808829 -72.48640335 -72.84341672 -74.80965615 -73.14646898]
[-71.92471568 -71.59141156 -72.19033737 -73.7489482  -72.51537859]
[-72.43203395 -72.77041356 -73.02979503 -72.33637955 -72.67519068]
[-70.65830265 -70.31058047 -71.76100453 -71.20699146 -71.34580153]
[-73.52408764 -73.90125347 -74.94245606 -75.13183412 -75.301745  ]
[-74.21720628 -72.23347169 -74.73600727 -74.36589766 -74.271108  ]
[-74.24361037 -74.51848512 -74.42240082 -74.20999536 -74.50045458]
[-74.80461518 -75.77264083 -74.3287581  -75.51265798 -74.25755163]
[-73.30342824 -73.75369346 -73.68944103 -75.48043318 -73.96579424]
[-72.78591013 -73.5638156  -72.0582013  -73.66019144 -72.70692408]
[-73.51600172 -74.27112364 -72.98272171 -72.79988253 -71.9000726 ]
[-75.72247919 -75.19739188 -76.4613462  -76.23872108 -75.83590292]
[-73.3483025  -73.58420693 -74.70395647 -74.03997283 -74.0533751 ]
[-72.81651619 -73.34372663 -73.54181342 -72.09178692 -73.8540894 ]
[-74.02710543 -74.61619063 -73.18046653 -74.00340018 -74.49760906]
[-70.88603462 -71.26293723 -71.52381487 -71.43801357 -72.29721571]
[-71.975921   -72.77955908 -73.26934187 -74.15373385 -72.48826693]
[-74.46219626 -73.54093531 -73.54327781 -74.27556856 -75.11481641]
[-70.90951157 -71.81971912 -72.77466562 -70.63410396 -70.35719735]
[-70.36602468 -71.78069611 -70.49780449 -69.56609364 -70.77185768]
[-71.08176304 -73.43996128 -72.6450358  -71.11789987 -71.06920613]
[-72.94186574 -73.83448617 -73.85070979 -71.74703984 -72.06896642]
[-70.71100806 -72.95122981 -72.64039628 -70.80820417 -71.62046002]
[-73.12087759 -72.82240677 -74.31638601 -73.44819254 -74.4865152 ]
[-73.61862463 -74.66133498 -73.31992906 -73.16084706 -73.67271753]
[-74.21317337 -74.03706291 -72.06461719 -72.70983461 -71.7995413 ]
[-74.9676105  -75.01682926 -74.02002483 -73.22361891 -73.83203361]
[-73.88632649 -73.34047979 -75.25418572 -75.17088753 -73.93964486]
[-73.16435758 -71.94691543 -70.81115032 -72.78640291 -72.78726723]
[-71.23207169 -71.04389385 -71.96051314 -71.65389958 -70.5702954 ]
[-72.28864875 -72.95309365 -74.45108896 -73.60899498 -73.41489914]
[-72.07728094 -71.71110112 -71.19375319 -71.49464606 -69.88378981]
[-72.21626556 -72.28942131 -71.77617886 -72.83358225 -71.37239467]
[-74.17939999 -74.37057454 -74.17389889 -74.58599429 -73.74619692]
[-69.366242   -70.26678215 -69.1515473  -69.68765251 -69.88860786]
[-70.72958198 -71.04178829 -71.87150205 -69.86592118 -71.18333591]
[-68.22004523 -69.52311411 -70.10329314 -69.77477293 -68.85953632]
[-71.58389079 -71.5684135  -71.54764871 -71.89680851 -72.14837937]
[-68.81317009 -68.60975764 -69.55472513 -68.6414733  -70.18671379]
[-66.18572371 -66.2192246  -67.1310044  -67.31732006 -65.80319045]
[-67.03090283 -67.09364563 -66.21708597 -65.28133425 -66.23305593]
[-65.76525824 -64.71883315 -64.5927514  -65.96841347 -66.27365871]
[-67.16548322 -67.80562786 -67.8622602  -67.08798368 -67.07959445]
[-65.6073485  -65.93688626 -64.81473926 -66.55343766 -66.74278122]
[-63.73481169 -63.88058929 -63.55818612 -63.43805186 -63.92192402]
[-65.21237407 -65.17262956 -65.34392961 -63.76585688 -63.3007256 ]
[-64.87925725 -65.74545232 -67.11618718 -65.84982332 -67.44016763]
[-64.22482688 -64.81894751 -63.60117746 -64.6485781  -65.5867166 ]
[-63.50730729 -63.75344051 -64.66467106 -65.70929307 -65.09133728]
[-64.3533327  -65.16639476 -65.39746009 -64.72975669 -64.11078268]
[-61.11038352 -61.23596988 -60.37523521 -61.02178675 -60.83492841]
[-62.82353539 -62.16915115 -61.94520884 -62.013506   -61.78144521]
[-62.74350476 -60.22514468 -61.376907   -63.09280968 -62.32340545]
[-61.819769   -63.71243273 -61.92626458 -62.66861482 -62.90474242]
[-62.20847076 -63.34247812 -62.45944941 -63.07806147 -63.40440954]
[-62.76395921 -62.47034255 -62.05978594 -60.68767463 -62.37655737]
[-60.3622062  -60.12430621 -60.25214995 -60.93703451 -60.86615035]
[-60.12461811 -60.3369669  -61.71480737 -62.87176391 -61.15685539]
[-61.54901141 -60.9041411  -61.91284494 -63.23499003 -62.22681567]
[-60.93722687 -59.63092649 -60.06722605 -61.235966   -60.47417019]
[-60.22131262 -59.6612965  -61.11348992 -60.44201543 -60.81801075]
[-61.27524305 -61.03056285 -61.20706588 -60.94242926 -61.17986908]
[-60.9357143  -62.21899713 -60.61666063 -61.75715622 -61.32303428]
[-61.06981919 -61.177556   -60.69017755 -60.6175975  -62.362156  ]
[-59.48930407 -60.26121283 -59.87032197 -59.15549733 -59.54026573]
[-58.68623757 -57.90701537 -58.49395328 -58.3776094  -57.92357998]
[-58.99585584 -59.51228625 -59.40343885 -58.28703395 -59.91061857]
[-57.6373481  -57.68064588 -59.81022652 -56.99228661 -57.11362566]
[-58.90369993 -60.60855142 -58.63417885 -59.0972927  -58.59469468]
[-60.69605785 -59.39408862 -59.60825657 -59.8869472  -61.61353321]
[-63.16067944 -61.54903528 -60.38055183 -60.57673581 -60.71350032]
[-60.27440905 -59.56121487 -60.27528771 -57.93101371 -60.07670126]
[-61.27270277 -62.68638643 -60.21582716 -60.91018725 -62.54611389]
[-62.19921667 -60.03841859 -58.62761701 -60.27171209 -61.0882483 ]
[-59.65455194 -61.70581827 -60.91166406 -60.96942322 -61.59948413]
[-61.71505817 -63.12025908 -61.17134276 -61.87651138 -62.32720278]
[-58.78582244 -58.49039536 -57.22069176 -59.40516467 -59.32459439]
[-60.58571605 -59.44802335 -58.36105165 -59.72479114 -60.57808681]
[-62.43237247 -61.55314562 -62.31542131 -62.31640832 -61.66862055]
[-60.35965249 -60.57976426 -60.3361741  -60.4768672  -59.93572136]
[-59.99545937 -59.44924169 -59.65466713 -59.82805125 -60.8107818 ]
[-59.79873594 -60.53994921 -59.78981606 -61.69820592 -59.39896659]
[-64.38519089 -64.13174349 -64.35854456 -63.93604581 -64.0263372 ]
[-62.26906555 -60.85554463 -61.94070496 -60.08054437 -62.22365504]
[-62.51471813 -60.66852189 -60.81377305 -61.02024357 -62.69601489]
[-61.86583886 -60.86343584 -61.07765607 -60.60294447 -61.32515454]
[-63.61122335 -63.08155418 -63.72465111 -63.32548863 -63.83102737]
[-62.871532   -61.61424179 -62.77809977 -64.03050342 -62.40623261]
[-61.67882084 -61.90273317 -62.63815757 -60.69338078 -62.41378531]
[-64.48436077 -64.59403015 -63.88871416 -63.76387205 -62.58620954]
[-64.37129145 -63.36636194 -65.39409503 -63.7809993  -65.12567763]
[-65.23693296 -66.22204311 -65.60609885 -66.011051   -65.72925588]
[-65.46614799 -65.99336619 -65.53581413 -65.92650119 -66.85628777]
[-65.79326995 -66.76517948 -67.67248201 -65.25965946 -65.98834833]
[-66.59524302 -64.4071164  -66.74131138 -68.82797436 -67.75338331]
[-67.55103565 -66.42997999 -65.63047973 -65.75160687 -67.0171994 ]
[-68.48584554 -68.4028886  -69.29053003 -68.51234303 -69.17988679]
[-64.98474113 -64.42765387 -65.09416365 -64.28396551 -66.56948132]
[-68.31221475 -68.76985726 -67.88044857 -68.40885155 -68.0569208 ]
[-71.47417556 -71.20865378 -71.71360125 -70.71260359 -71.08347475]
[-73.08504635 -71.43840322 -71.04798211 -72.54923049 -71.72330317]
[-72.70036242 -72.50608522 -72.00036696 -72.76871831 -72.61536602]
[-72.90519609 -71.43485146 -73.14021166 -72.71443258 -72.59967546]
[-70.51145032 -69.67862081 -70.10761036 -72.26900508 -70.24871651]
[-77.34644883 -75.20107129 -75.98033777 -74.4455955  -75.28036526]
[-72.79479651 -73.63609516 -71.99303114 -72.36826558 -72.67048726]
[-72.99542513 -73.38941045 -75.19218167 -73.67145725 -74.41274629]
[-72.22666742 -74.41868477 -72.87877445 -72.88770208 -73.56990521]
[-72.84225629 -72.37419728 -72.08758406 -72.77367063 -72.5532154 ]
[-72.55599968 -75.00068525 -72.22811837 -73.36876871 -74.02420272]
[-75.96658518 -73.59200514 -75.03867017 -75.30737414 -74.87185579]
[-74.70019307 -74.20515797 -75.37180661 -73.97675343 -73.0562496 ]
[-71.88220678 -71.03427985 -71.40207401 -69.50529561 -72.16662625]
[-74.19041244 -74.1152587  -74.39379533 -74.40442437 -73.04495939]
[-73.01102839 -72.50648359 -73.03888908 -72.95420116 -73.77472756]
[-73.02460594 -72.64380627 -71.99190854 -72.73360013 -71.71992319]
[-70.44567486 -70.50129719 -69.89343374 -71.13302264 -70.39553735]
[-72.22709152 -73.35598763 -71.53542312 -72.0630004  -71.5126304 ]
[-73.20262581 -73.88465287 -73.64967897 -72.83260011 -72.6748816 ]
[0, 0, 0, 0, 0]
[-72.56943169 -71.65614479 -71.00887507 -71.27282144 -70.16077621]
[-72.51001685 -72.9534906  -73.02260772 -73.75412824 -72.74550725]
[-69.03304688 -68.63510133 -70.40985037 -69.95699198 -69.66245813]
[-70.72108406 -71.81400966 -70.56171787 -70.45433652 -71.06558458]
[-73.13025497 -75.2492747  -74.82725157 -72.26994021 -74.30934324]
[-71.94697054 -72.08155526 -72.07579582 -71.45532745 -73.03345159]
[-71.27233283 -71.88763403 -71.72426631 -70.76173076 -72.67759626]
[-69.39663333 -70.10723172 -71.73123707 -69.78991481 -70.26153998]
[-69.74401823 -70.00630446 -69.2960874  -69.11762777 -70.3048608 ]
[-70.84342482 -71.39631542 -70.09099922 -70.28750685 -71.59576842]
[-69.36042574 -70.01709934 -70.34740282 -70.26615438 -69.84176554]
[-74.44053244 -74.00316532 -73.38598383 -72.34629416 -74.68377336]
[-71.08298406 -72.0392411  -72.85841235 -70.35346336 -71.65541527]
[-74.17602538 -73.06517698 -72.95019711 -71.94994693 -72.90853966]
[-70.13046775 -69.9484033  -72.18559486 -70.82220316 -71.09725083]
[-70.97328556 -71.12128903 -71.99161296 -70.17530123 -71.30678924]
[-69.02013992 -69.62608322 -69.20038699 -68.88339542 -69.80228221]
[-70.15835064 -70.91428557 -71.88091164 -72.39370857 -70.80505462]
[-70.05382844 -71.31465179 -71.49189797 -69.04202643 -71.70207264]
[-70.79642819 -69.67024525 -71.20239733 -68.6765953  -71.96501949]
[-67.95693712 -70.13175837 -68.58672602 -69.19594935 -69.26073959]
[-70.45536233 -69.28597581 -70.3208516  -71.93166278 -72.30389614]
[-67.33556321 -68.89576254 -67.86956402 -68.54860125 -68.01688942]
[-71.55593242 -71.8120541  -71.96457065 -71.8352407  -69.45082843]
[-69.63761827 -69.67674698 -69.8912028  -69.73105032 -70.18737948]
[-65.62233512 -67.40900746 -64.93839659 -64.41447971 -66.4653736 ]
[-65.2058017  -64.28410964 -65.20229861 -64.94112783 -65.80511234]
[-66.6096069  -66.06026537 -67.18532179 -67.38599692 -65.95943823]
[-64.6109772  -65.23852801 -63.98295886 -64.2524234  -65.43051722]
[-66.98232796 -68.33695806 -68.91607909 -65.28526259 -66.36681648]
[-66.13606092 -65.84557393 -65.39111317 -64.93899197 -64.86504299]
[-65.80293484 -67.25022199 -66.63524962 -67.24277935 -66.29616016]
[-65.36960557 -64.25248684 -64.88496031 -64.87729118 -65.58361295]
[-66.26615896 -66.42238759 -65.22548179 -66.38981419 -67.19071119]
[-63.52785641 -63.81067022 -62.7994825  -62.48734041 -62.0198511 ]
[-64.27759697 -61.89965271 -63.52304831 -63.56501783 -61.93264639]
[-62.88648601 -61.44537117 -63.62416913 -61.93185929 -62.28264156]
[-63.24967669 -62.97121055 -60.64120974 -61.00531149 -63.64538846]
[-62.87385747 -62.96646211 -61.71194589 -61.21897713 -62.78800712]
[-62.7139889  -62.28970253 -63.15498181 -62.73520046 -62.17382091]
[-62.35943063 -61.33772864 -62.36356997 -62.19676095 -62.39981918]
[-62.60058868 -63.99756428 -63.08199846 -62.77144965 -63.62281676]
[-60.92755192 -61.27544589 -61.52627641 -60.22458983 -60.54149839]
[-61.65794813 -60.66434732 -60.87716929 -60.73560327 -61.98537783]
[-62.83742469 -62.29721149 -62.95961087 -63.06068337 -62.62085582]
[-58.05515273 -60.87158954 -60.27161798 -61.09448939 -59.20266332]
[-62.3333739  -59.85545304 -60.39532539 -61.07231708 -63.03545074]
[-59.38179107 -58.67727132 -59.69337534 -60.49010381 -58.78553702]
[-62.69836872 -62.57653823 -60.96236585 -62.94645416 -64.35361353]
[-62.77309238 -62.42919573 -64.91607553 -64.80254542 -62.5628524 ]
[-61.60916035 -62.58160456 -62.64291604 -61.50922819 -62.45292482]
[-61.53371688 -61.43822861 -61.09078743 -61.44886956 -63.15946191]
[-59.49753308 -61.15271895 -59.29923274 -61.93927733 -60.00124337]
[-61.23558297 -62.50500167 -62.09546623 -60.4961094  -62.54808026]
[-61.60048753 -63.73309777 -63.11963538 -63.32019304 -61.6484931 ]
[-56.53431708 -55.74595109 -58.08446376 -58.40354885 -56.51727021]
[-60.65188822 -60.99648315 -61.86761305 -59.21277132 -61.39561153]
[-57.37781327 -59.22819941 -58.70345049 -57.97978172 -58.18735163]
[-58.39436104 -58.86247903 -57.47926083 -57.71102647 -57.16527421]
[-59.31084503 -60.16683601 -61.5361225  -62.04895473 -60.94273798]
[-58.30583521 -56.44247913 -56.91893902 -57.72114143 -56.64567032]
[-57.72036528 -60.04699078 -59.79148168 -56.58854694 -59.76442822]
[-56.61072514 -57.51777966 -56.01483562 -56.33468318 -58.19386858]
[-59.25560713 -56.33720043 -58.96561841 -57.6253513  -58.19718564]
[-57.13092138 -56.27521736 -56.93065832 -56.43087352 -56.52542558]
[-57.04567715 -57.69814562 -55.90960419 -56.29152117 -58.18217071]
[-53.51451375 -53.60367559 -53.67002621 -54.68731631 -54.44964706]
[-56.03737927 -57.79581635 -57.56996978 -55.9566413  -55.81440748]
[-57.1522997  -57.40733324 -56.24084647 -57.37665276 -57.04815078]
[-56.98139667 -56.15745514 -56.54804993 -55.20282812 -56.49089597]
[-55.55783782 -56.60698435 -55.96890773 -56.2407337  -54.58423981]
[-56.38520174 -57.39854946 -55.3542013  -56.28898889 -57.78648581]
[-51.09909548 -51.69314884 -50.98698836 -51.43333341 -52.32202432]
[-55.03214689 -54.36853448 -54.21926524 -54.55227896 -54.10645109]
[-55.47677954 -56.23613039 -57.06566561 -55.9651012  -54.75160466]
[-52.32087413 -53.41387684 -52.57333291 -51.75630562 -52.96566798]
[-54.3709048  -54.42413453 -53.81821343 -56.22411017 -53.14749418]
[-53.69861206 -53.22540982 -53.49781036 -53.99198855 -52.97671367]
[-53.88795745 -54.86811966 -53.83246773 -52.74939225 -54.68612599]
[-52.34094037 -52.00552968 -50.47011405 -52.48881675 -52.35539823]
[-53.19047466 -52.20806766 -52.74944258 -53.44859987 -52.84927358]
[-50.59863258 -49.42365798 -50.93587208 -49.55690671 -51.26652096]
[-51.47096691 -51.69625442 -51.68634935 -51.4603139  -50.43525695]
[-51.33361367 -51.10338082 -51.04427003 -50.71355888 -53.52039933]
[-52.58868606 -52.52898711 -51.77206727 -52.02438679 -52.95240162]
[-51.3454165  -49.93209722 -49.49180128 -50.52713863 -51.23879959]
[-49.40166162 -49.21418061 -49.93468093 -49.68968598 -49.68914435]
[-50.10592453 -50.77961324 -48.39202013 -51.12393749 -50.34543386]
[-50.34097636 -49.76994658 -48.95558219 -50.429883   -50.04238867]
[-47.79608952 -47.90169305 -51.18327977 -50.67103532 -51.3370735 ]
[-48.35959045 -47.92723694 -47.90132991 -49.22482238 -49.3822851 ]
[-48.54641799 -50.0195256  -48.79731574 -47.85451588 -49.53450075]
[-49.27524966 -49.07639546 -47.81158673 -47.33808794 -48.74873524]
[-50.1579458  -50.06050913 -50.56221002 -50.60358249 -47.42114181]
[-48.27623502 -48.37898922 -46.7467875  -49.6238867  -46.74748845]
[-45.32419394 -46.95559709 -45.47160603 -47.51934489 -48.03636428]
[-45.72655561 -47.10105629 -47.91774956 -48.15462599 -48.01856764]
[-47.394875   -48.77057385 -47.10976077 -48.7012893  -47.2423829 ]
[-47.84257471 -48.98928992 -46.80723034 -47.81706963 -48.91292634]
[-48.20689218 -46.49942398 -47.22172558 -47.79582575 -49.08842234]
[-46.84297582 -47.75051568 -46.62493936 -47.94960061 -47.23904939]
[-47.31961662 -47.26983525 -44.97713153 -46.13993742 -46.08018472]
[-46.23266263 -45.38385733 -45.77247207 -47.00775003 -47.00388177]
[-46.1899967  -47.45418612 -46.84298168 -46.9481173  -46.3729434 ]
[-47.11061764 -47.67489106 -47.62327312 -47.69260249 -47.55536837]
[-47.62105202 -45.71595268 -46.90324587 -45.95568931 -45.54107919]
[-45.03050957 -44.65864007 -45.73144385 -46.39067166 -45.04744219]
[-45.57008213 -44.64541641 -45.36480896 -46.53459723 -46.21160861]
[-46.42258028 -47.01477241 -44.15401289 -47.89778814 -45.23116942]
[-47.94727321 -44.86480058 -47.74792857 -47.83340987 -46.90001572]
[-45.67285178 -45.43223443 -46.13797769 -47.22365405 -46.17109327]
[-47.07066105 -44.57217244 -45.93157435 -46.26468666 -46.9998434 ]
[-46.83326472 -45.47796216 -46.94811043 -47.36817165 -47.4085484 ]
[-44.63697187 -44.81091546 -43.46889729 -45.22462037 -45.77795548]
[-46.92159546 -46.06289016 -45.70200141 -45.9152215  -45.92600251]
[-45.63551212 -46.80440452 -47.04569579 -45.31142106 -46.90616266]
[-45.4767746  -46.76717035 -45.04125101 -45.95745283 -45.13153055]
[-46.20477006 -45.03826835 -46.61133959 -45.54240829 -44.4803324 ]
[-46.7269928  -45.38121082 -47.12985433 -47.37231921 -46.52664483]
[-46.09897557 -45.39848825 -46.87246982 -46.27404771 -45.59397784]
[-47.5164245  -46.94390941 -47.05266871 -46.67010047 -49.6186459 ]
[-46.41364858 -46.15259284 -45.70840226 -47.2066985  -46.94429608]
[-47.04681101 -48.02835021 -47.5452482  -46.74539952 -46.63992279]
[-45.05380553 -48.21859381 -46.41452465 -45.80144856 -45.91109966]
[-46.05689336 -45.80282059 -45.7945148  -47.72056335 -46.63296039]
[-48.12891108 -47.76727039 -47.73595131 -48.75382865 -46.53503986]
[-44.54868225 -46.54426548 -46.19641323 -47.89636365 -46.51239357]
[-46.45758863 -45.25072291 -46.16820244 -47.85005474 -46.95755576]
[-47.92969736 -45.55161105 -46.29589732 -47.81578082 -47.77655614]
[-46.25486422 -47.02689717 -46.67752978 -46.24183347 -45.35877219]
[-48.17838679 -45.11227884 -46.09376173 -45.59865675 -46.58501147]
[-47.96786293 -46.91681124 -47.75829992 -45.90340047 -47.29779947]
[-46.45528273 -46.27686235 -45.71074561 -46.44791055 -47.56681261]
[-47.45657107 -47.44873185 -46.86357815 -47.23407881 -46.45375246]
[-45.73188594 -43.81500723 -45.16709834 -46.22030509 -45.97057179]
[-46.59810333 -47.28292434 -46.42780948 -47.71221111 -45.57296062]
[-48.28176043 -48.10803034 -47.81895812 -46.76876754 -48.94553534]
[-45.27510746 -46.51889961 -45.97464638 -44.34720462 -45.52044084]
[-46.36663868 -45.49834006 -44.79161497 -45.08236768 -45.62172596]
[-46.50715733 -48.09812606 -47.61299874 -47.90182766 -46.63461467]
[-47.01766982 -47.77827618 -45.26163845 -46.5669015  -47.07246078]
[-49.66146018 -48.68805477 -49.71712625 -48.35972917 -47.94605163]
[-48.75507506 -49.08796383 -48.76399751 -49.33171545 -48.66426999]
[-48.65898148 -45.97400557 -44.9126061  -46.04198617 -47.87035157]
[-47.58936495 -46.96984573 -46.46567758 -46.4341394  -46.84151349]
[-47.03682428 -45.54900072 -46.88141312 -46.4983338  -44.60798416]
[-45.99585339 -46.29563095 -47.14360754 -46.84320399 -46.52849171]
[-46.47246792 -46.66482863 -47.16286036 -48.3874493  -47.23208092]
[-48.01036189 -46.78336487 -48.40555884 -47.21768696 -48.02682288]
[-46.49846567 -46.32192089 -46.7490958  -47.55821921 -46.14956309]
[-47.02196515 -46.9621224  -48.39764942 -47.85623611 -48.46625661]
[-46.94431931 -47.35169602 -47.24732075 -47.72321728 -47.51064713]
[-46.43274026 -46.91742462 -45.97261755 -47.23665189 -48.16321048]
[-49.04235923 -47.87227174 -45.55652415 -48.796063   -48.40030228]
[-47.22119956 -45.77963666 -46.28064609 -45.83802274 -45.04164395]
[-49.22787533 -48.23136508 -48.27854974 -49.22208298 -47.43521516]
[-46.90654366 -46.92568144 -46.30774711 -46.66737246 -48.70622078]
[-48.03694735 -48.17000915 -48.79260143 -46.65116818 -47.61423293]
[-47.89223459 -47.04037991 -49.15241251 -48.04413447 -48.36310527]
[-46.359524   -46.63370688 -47.52897777 -47.75143815 -48.00114467]
[-47.82402162 -49.20532677 -47.17992962 -48.16901291 -49.70224856]
[-49.74558692 -48.21683895 -47.42520711 -50.21568886 -48.6461418 ]
[-48.94644865 -49.70424601 -49.98598483 -49.68684364 -49.37298361]
[-47.58965755 -50.53673665 -48.78519423 -48.49252725 -48.96616538]
[-49.94537696 -50.53455377 -47.50646256 -50.20248313 -49.15663538]
[-49.8507138  -50.71110196 -51.33371594 -49.27533207 -49.94809018]
[-49.9200951  -49.81727284 -49.65579424 -50.89035438 -49.52533998]
[-49.97277844 -49.5541816  -49.05528685 -49.47643203 -50.02148203]
[-49.07500136 -49.17506998 -48.14932554 -48.61398713 -49.0558677 ]
[-50.36543454 -49.70812899 -48.32725994 -48.61416846 -47.57289305]
[-50.6438532  -50.80552851 -50.03635638 -49.88000952 -49.75032287]
[-48.41930251 -50.08534041 -50.73683492 -49.0945147  -49.73167516]
[-47.36225432 -49.9036193  -50.424228   -49.03181098 -49.76321569]
[-50.4960932  -51.96127941 -52.47546055 -50.42948518 -51.33056573]
[-51.01307565 -52.17805055 -52.92785834 -51.21497594 -52.67421907]
[-51.64465983 -52.09316696 -52.07216285 -50.22477556 -50.89240426]
[-49.48656629 -49.93218074 -49.02062035 -50.86169953 -49.89060541]
[-51.96557739 -51.94211873 -50.92284368 -52.0789679  -53.99698443]
[-50.22561701 -50.10127189 -49.71491928 -50.96952641 -51.3667165 ]
[-50.70747568 -51.63277278 -50.76520935 -50.60885579 -50.68065548]
[-51.55812171 -52.96653426 -49.60667509 -52.09050962 -52.80663217]
[-52.26693479 -51.28100571 -50.74584842 -52.75260952 -51.81864432]
[-50.72729071 -50.89028182 -50.63791871 -51.06893676 -51.78942664]
[-50.08875195 -51.30594205 -49.42403673 -48.84929473 -48.79612567]
[-51.79017498 -51.6347718  -51.98132916 -50.18126768 -50.74905885]
[-52.02767908 -53.60356635 -52.58599035 -51.69683634 -52.34042657]
[-53.01575728 -52.90619443 -51.13170578 -53.26303088 -54.4459885 ]
[-52.11186873 -51.83098537 -52.09559968 -51.75166572 -51.84705423]
[-51.50095722 -51.24388074 -50.65276012 -52.34950292 -52.11140194]
[-51.21390157 -50.76738503 -50.77839864 -50.56866089 -48.7085974 ]
[-52.06825252 -52.69779633 -53.02116714 -51.61979511 -52.42323037]
[-51.787374   -50.87394348 -51.77422964 -51.42967401 -49.83632755]
[-52.38442779 -53.21944416 -52.01657797 -51.94536722 -52.30009927]
[-51.85662866 -52.08871417 -51.94318059 -49.33315552 -52.50363158]
[-50.88346275 -51.29331209 -51.84958191 -52.02682512 -51.24421559]
[-51.7477363  -51.20917655 -50.53214074 -51.40577419 -50.53660676]
[-54.18980411 -54.31187194 -53.61877059 -52.82656407 -53.4482538 ]
[-50.99950539 -51.0868586  -50.7951407  -52.27231768 -51.65615374]
[-52.07469354 -52.85451248 -52.11233989 -52.01008489 -51.54601129]
[-52.58278503 -53.69616819 -52.46201171 -52.81582724 -52.84272955]
[-52.67090517 -52.14716135 -52.40031206 -52.26562776 -52.70179115]
[-53.19818305 -53.76253089 -52.92547165 -54.0646316  -52.67037493]
[-52.78941092 -52.14818987 -52.43594486 -53.39691696 -52.31048623]
[-52.44163091 -50.72493093 -50.90912524 -51.21230975 -52.21021011]
[-51.75205743 -52.04074038 -52.75999763 -52.50802721 -53.33951963]
[-53.15581828 -52.4600942  -52.68066688 -53.34355414 -51.50431242]
[-52.79320561 -52.03028181 -50.82070926 -53.27109627 -52.68224905]
[-53.01800486 -51.75961577 -53.02644089 -53.65817686 -52.50786189]
[-52.81262734 -53.4922202  -52.81277069 -53.90476464 -53.69387439]
[-53.71066146 -52.71690711 -54.54018828 -54.0012669  -54.639783  ]
[-54.68686202 -53.85676872 -53.89090155 -55.05840516 -53.28715647]
[-56.13619157 -55.29384594 -53.30347859 -55.23477087 -53.13233317]
[-52.63669588 -53.91589803 -54.79522986 -54.82314574 -53.7586981 ]
[-52.8181532  -54.38081433 -53.4567012  -53.39425403 -54.32209462]
[-53.09999705 -52.29782697 -54.38932097 -52.24577766 -53.49849379]
[-51.66282787 -50.78625286 -52.24744811 -49.95021387 -51.34685287]
[-51.66456333 -54.19404379 -52.99821595 -53.7084965  -54.12269106]
[-54.15894576 -54.2522182  -55.67681576 -54.17720777 -52.32064623]
[-51.18663037 -52.77158388 -52.2750129  -52.56802588 -52.06632754]
[-55.34945194 -54.22207683 -55.29117539 -54.09928178 -53.90113716]
[-54.28215803 -51.90354186 -51.75978076 -53.03561402 -51.9539325 ]
[-53.1982121  -53.40554127 -53.96835226 -53.44540112 -53.99056062]
[-54.78451128 -52.89396278 -53.680683   -52.62432133 -53.73276528]
[-54.59591756 -53.37503916 -54.72798806 -54.69088195 -55.55798888]
[-52.40169954 -51.82235643 -51.90047326 -52.66303028 -51.19180864]
[-52.16576616 -52.04903439 -51.40240844 -52.13574567 -53.06485009]
[-53.8746469  -54.28850322 -51.81807217 -54.54328914 -53.49155022]
[-52.26473719 -52.96795811 -52.25129097 -54.55173202 -54.63568006]
[-51.58333283 -52.7632075  -51.80545047 -52.51873065 -53.78152333]
[-54.4111824  -52.97355681 -53.07600135 -55.98010799 -54.04662937]
[-53.43995856 -54.2010932  -52.31682236 -53.96300576 -52.81032663]
[-54.49972458 -54.60806278 -51.41952715 -52.90203567 -53.07011784]
[-53.74219205 -53.1726594  -54.31492407 -54.40733916 -54.0761007 ]
[-49.54016482 -50.24914547 -52.31153766 -50.81662615 -50.7993804 ]
[-51.45115979 -52.93072767 -52.54801127 -52.95769984 -52.67327767]
[-53.87092293 -55.20066489 -54.36823628 -53.02471805 -54.27404604]
[-55.36318482 -53.85141991 -53.74757038 -53.61343941 -55.67881766]
[-54.89665274 -54.07749342 -53.63298831 -53.43017122 -55.34956347]
[-54.565811   -53.55375002 -52.43132055 -52.78525781 -54.28426851]
[-53.09440502 -55.38462851 -52.82203056 -53.21036224 -53.25016096]
[-54.48920019 -56.76445682 -56.3409182  -54.28611528 -55.61059806]
[-56.83533973 -57.09961395 -55.94130354 -55.44377347 -55.32198436]
[-55.37756471 -56.31515487 -56.28212414 -55.59692414 -56.73328184]
[-54.69311022 -55.05067807 -54.5894895  -55.95333838 -55.72584204]
[-54.9162094  -54.22579692 -52.11742467 -55.52944747 -53.70218538]
[-56.83041425 -56.56878813 -56.28577806 -57.59289641 -57.15389441]
[-55.31045791 -57.15221246 -56.82945043 -57.0137785  -56.53583987]
[-55.9910193  -55.7192499  -54.16503422 -55.05520389 -53.98977668]
[-57.42117684 -57.48776031 -58.71500715 -57.96390944 -57.13301184]
[-58.16468146 -56.89654312 -57.9936326  -59.61089979 -57.73180456]
[-55.85054057 -56.15768447 -59.54551671 -57.75377962 -58.85552265]
[-58.88970541 -59.09765701 -60.88836003 -58.91492475 -61.05984628]
[-58.68625251 -58.1812855  -58.85872127 -58.24472142 -58.22886041]
[-56.67083585 -57.82728941 -58.11954355 -59.12995432 -59.24220784]
[-58.67497183 -57.85886924 -58.18657914 -58.46737984 -57.68483976]
[-59.59560336 -61.11558086 -59.85050995 -60.91686662 -58.94673756]
[-58.58987976 -58.60443202 -60.07585154 -60.04355975 -60.64346048]
[-61.76993577 -60.56491591 -60.47676941 -61.93896631 -60.10848021]
[-61.60551834 -62.2917427  -61.68797587 -61.4955617  -61.63827452]
[-60.08379945 -59.07944059 -60.55621472 -60.08484869 -59.65933864]
[-62.49299421 -62.86229708 -62.43584296 -62.08370978 -62.53107433]
[-61.85945253 -61.9931702  -61.80420776 -61.9746891  -62.83315419]
[-62.30507921 -63.6496799  -62.26976074 -62.81714535 -63.06471177]
[-62.76617814 -64.21404549 -64.76036192 -63.84038858 -62.84621856]
[-61.5806517  -61.20327856 -61.24647464 -62.05967075 -61.7411582 ]
[-61.96195956 -62.30525062 -61.06070584 -62.56137496 -63.83927798]
[-63.24315224 -61.48100987 -61.65979631 -61.09378601 -62.59142881]
[-62.33516826 -62.08360091 -62.76505288 -61.78368106 -61.32200501]
[-61.81510994 -62.86778697 -62.95398426 -61.42067589 -63.49245723]
[-66.56702047 -66.24192212 -66.05783183 -66.86584748 -64.79281896]
[-66.3348703  -65.7000847  -65.79256966 -65.28571235 -63.78610628]
[-61.72179055 -61.7208653  -60.3699257  -61.05457135 -60.5824317 ]
[-63.98926932 -64.68580177 -63.06285654 -63.39525887 -63.6564382 ]
[-60.31526825 -62.58877192 -61.27861629 -61.61453604 -62.38188995]
[-62.72752383 -64.16584722 -62.71865867 -63.18475143 -62.0039264 ]
[-62.5549246  -61.33077834 -61.11588216 -61.92163844 -60.03317189]
[-65.0649629  -63.73204035 -64.08999189 -63.50465883 -65.34557164]
[-63.50430611 -64.20647928 -64.88030606 -63.47462705 -64.37006112]
[-63.97051529 -63.01893293 -63.42288594 -62.54655108 -63.68990094]
[-62.13818258 -62.54905656 -62.44362776 -64.04833341 -63.17729364]
[-62.14143325 -62.66853878 -63.34412755 -62.36947511 -62.27705097]
[-63.15837715 -64.419249   -61.84845538 -61.97123938 -62.97733008]
[-63.64816788 -64.30975068 -64.33705461 -64.18862223 -61.77050346]
[-62.49303227 -62.66004888 -61.83099751 -61.21949024 -62.28956524]
[-62.02317617 -63.3770876  -63.75879459 -62.98861197 -61.77508948]
[-66.15289398 -65.93002975 -65.31760441 -64.44846795 -63.92719974]
[-66.76705383 -67.66773119 -66.93105679 -67.69280416 -66.05884392]
[-65.56302664 -63.87446759 -64.28857483 -64.22307959 -63.82210155]
[-64.45871263 -63.88879575 -66.15368425 -63.4162695  -63.58228002]
[-64.33181483 -63.88033369 -65.39519927 -64.81900427 -63.45612447]
[-68.0832425  -68.30825735 -68.42048841 -66.96283348 -67.12198667]
[-65.51212931 -67.30168011 -66.9129069  -66.25811479 -69.19424563]
[-65.10175228 -66.13617746 -65.17315458 -64.54718518 -64.27486767]
[-69.66215336 -70.46629112 -70.83301492 -70.25350631 -70.2669146 ]
[-68.45628042 -70.3104945  -66.9129548  -68.71165637 -69.25677849]
[-71.77769048 -70.92151092 -70.60534534 -70.05689892 -71.01280232]
[-72.26559865 -71.93478317 -71.26131495 -72.86983051 -71.66666958]
[-70.2766225  -70.69578247 -71.29803623 -71.26195686 -71.68591972]
[-70.34512129 -70.50014644 -71.41259559 -69.58833726 -70.38956703]
[-69.34098917 -71.77295425 -71.63286418 -70.61703316 -69.37246714]
[-73.07521766 -73.0454268  -72.04029108 -72.72234032 -72.76222532]
[-71.74099823 -72.16082305 -71.31459237 -71.37782943 -73.00187892]
[-73.0061555  -71.51836395 -73.24548707 -74.06168544 -73.66434914]
[-72.21519704 -71.19910707 -70.3448135  -71.88569074 -71.97619081]
[-73.3691514  -71.89770235 -72.68909614 -74.43440257 -72.4220427 ]
[-77.84279078 -76.35365251 -75.28020956 -76.66409967 -75.41321946]
[-74.33392254 -74.72685464 -75.55850858 -76.25230303 -75.85394755]
[-76.61051777 -76.35430972 -76.11785738 -75.94044437 -76.38449351]
[-74.28899515 -74.8406771  -74.17161225 -74.43381454 -73.93525359]
[-73.28569603 -74.62211867 -74.90909478 -73.66639145 -73.63525876]
[-76.40590824 -76.34577644 -76.22167214 -77.00612185 -77.45373879]
[-77.09289322 -77.6292427  -76.77644948 -76.65507776 -75.66730499]
[-76.58614057 -77.55111961 -76.85502584 -77.74561907 -75.48230406]
[-77.54004413 -77.49172709 -78.11084824 -77.88345619 -78.55669906]
[-74.93909146 -74.05105613 -74.24129033 -75.65722165 -75.71837972]
[-76.95716455 -76.60236364 -74.40212388 -74.27673242 -75.01301625]
[-76.01313195 -76.26219689 -75.74308988 -77.31999141 -76.29347534]
[-76.70659771 -75.97420782 -76.41668917 -77.48749614 -75.9159032 ]
[-79.29457804 -77.40739008 -78.41208712 -79.32567788 -77.58537594]
[-75.46800138 -75.36427118 -75.20008435 -75.89683466 -77.08372849]
[-74.44494856 -76.86768326 -76.64266821 -73.64036186 -74.82308044]
[-75.9550906  -76.92561367 -76.30763602 -74.04013791 -75.28746765]
[-76.03884964 -76.30947301 -77.41318508 -78.2396497  -76.6122441 ]
[-74.55394605 -75.37203481 -76.76194593 -76.42934433 -75.5168489 ]
[-76.25749171 -76.01873531 -75.33712699 -76.11432656 -75.53735766]
[-76.50344089 -74.8271949  -73.88657315 -74.92291132 -75.13354474]
[-75.64334673 -75.66578494 -75.13433887 -75.10450016 -75.46296436]
[-74.28514451 -74.89471879 -75.66755478 -73.88448727 -75.16314516]
[-74.70651717 -73.9177722  -75.06466705 -74.17992759 -73.83697095]
[-77.06604211 -75.91554108 -76.16485493 -75.8523303  -76.54496425]
[-75.46607129 -76.53474504 -75.33288637 -75.28471513 -75.37858431]
[-76.84357033 -77.13416823 -76.01076335 -76.53455017 -76.41900185]
[-72.52849443 -73.66516801 -72.76452554 -74.17916311 -73.47665185]
[-74.35046509 -73.39250269 -75.03565551 -75.37754915 -73.52048798]
[-76.70358188 -74.59105074 -74.61908914 -75.49572117 -76.56819016]
[-74.60690324 -74.35416699 -74.78149289 -72.99129052 -71.81262322]
[-74.47215371 -75.24052831 -74.10198817 -74.92976901 -72.88403986]
[-77.14109348 -77.90388241 -77.70733308 -78.01021032 -77.01168752]
[-74.10401681 -73.0419608  -73.82490036 -74.51263351 -73.966098  ]
[-75.46826013 -77.32365453 -75.74581829 -75.85771611 -76.77144687]
[-74.73153232 -73.69469581 -74.93880117 -75.39978913 -74.89090552]
[-74.1465895  -74.39332213 -74.66494249 -73.64296378 -73.57163057]
[-71.04581772 -70.90862649 -72.76950855 -73.12381572 -72.70208779]
[-73.55741207 -73.6057379  -71.86213495 -74.38244205 -72.39053084]
[-72.60979586 -71.46565493 -70.60430778 -70.62132734 -71.0960159 ]
[-71.31441921 -71.4327265  -70.44256094 -71.11827295 -71.53636879]
[-70.57826319 -69.64966535 -70.10144299 -69.92022501 -70.77712575]
[-70.99102781 -71.07630062 -70.99060542 -70.88145331 -71.16126782]
[-72.14808752 -70.95196475 -70.75665141 -71.93478948 -71.74888182]
[-71.62465874 -71.68237371 -69.93698307 -71.65531843 -69.38376668]
[-70.88295204 -70.62646581 -71.83234878 -71.04674123 -71.4890154 ]
[-73.17714748 -71.36845512 -72.39439326 -70.62790349 -72.4056633 ]
[-70.54001639 -71.33124599 -71.27306039 -70.32441326 -71.222011  ]
[-69.71296757 -69.82885891 -69.69772979 -71.47428323 -70.0752359 ]
[-68.45310526 -68.02116467 -68.8615812  -68.94504079 -69.06829377]
[-71.25423113 -71.2522863  -70.19155099 -70.78919098 -70.22940485]
[-69.96594513 -68.66088271 -68.49282921 -69.53853552 -70.10048204]
[-66.17321125 -66.42187759 -67.12812359 -66.3974942  -66.25813727]
[-70.10641277 -71.37967103 -70.09485961 -69.33933168 -70.02263129]
[-70.02976983 -70.34106781 -69.52705352 -69.49074606 -70.16027831]
[-65.46970295 -66.41377837 -65.51099005 -66.85456659 -65.14057136]
[-70.3311651  -70.35144062 -68.81216969 -69.96237748 -69.68155986]
[-68.59806136 -69.47807847 -68.73961629 -69.08111467 -69.44112074]
[-67.26542075 -65.98006715 -67.99324025 -67.55677985 -67.1295414 ]
[-67.92457653 -67.75963804 -67.27513347 -66.33143012 -67.77156486]
[-70.02838806 -71.79533107 -69.75189902 -69.9403476  -70.30417755]
[-69.17012466 -68.03402756 -68.87589338 -67.36537213 -68.14510716]
[-66.65469493 -68.72342318 -68.68212357 -68.46137789 -66.96357698]
[-68.29826485 -68.04190376 -68.70984148 -68.24365996 -68.35962963]
[-69.09549619 -67.74145891 -67.65604108 -69.07518674 -67.97295213]
[-69.94669933 -70.13937893 -70.80280292 -69.4989297  -70.44440568]
[-69.29711593 -70.14713993 -69.71529599 -69.87504923 -68.16741567]
[-69.87621626 -69.27408866 -69.00990912 -68.02092006 -69.05463108]
[-67.41894923 -68.43075    -69.24867186 -68.72642116 -67.88999042]
[-66.51004122 -67.10203726 -65.89309991 -67.93383183 -67.5884916 ]
[-68.40309144 -67.24008356 -67.97164142 -66.75620986 -68.10356851]
[-69.38131743 -69.16313971 -67.20837896 -66.8725545  -67.35881932]
[-68.48557717 -68.30695224 -67.68212309 -66.1834187  -67.58162645]
[-68.79185617 -67.02087354 -67.57830247 -67.34473849 -68.41002318]
[-66.3492551  -69.22108674 -66.08817115 -67.20650847 -68.4070001 ]
[-69.14793186 -70.0145194  -70.25626716 -68.75901972 -68.65645371]
[-66.26595046 -66.41297035 -66.41830237 -66.26692854 -65.82203189]
[-67.222136   -66.97339167 -69.3087748  -67.57757036 -67.80709087]
[-69.84905784 -67.55177226 -68.48429334 -68.13804859 -69.12502217]
[-69.88848539 -69.80046754 -71.27862236 -68.07067938 -70.20416307]
[-68.59552971 -68.66795264 -66.69756172 -68.29745803 -69.05468042]
[-67.20442213 -67.85442107 -68.24117352 -66.35060676 -68.36485128]
[-69.18302733 -68.22320248 -67.56042862 -67.77649246 -67.65819279]
[-69.68214159 -67.97274401 -67.93246775 -66.35821317 -67.68700088]
[-67.98253113 -66.86354286 -67.22698781 -66.96754301 -67.75130038]
[-67.25003777 -68.34119957 -67.70128283 -68.93262013 -67.5047783 ]
[-69.33354153 -67.05367476 -68.45259342 -68.09349585 -66.83162807]
[-68.53798113 -69.08612749 -68.06808799 -68.73074476 -68.51943892]
[-66.73318192 -68.23844629 -67.70378713 -68.41782079 -67.96947916]
[-65.6684045  -66.70886429 -65.20988879 -66.56707648 -67.19804798]
[-71.38423065 -70.22058129 -71.14449587 -73.22851558 -71.28945884]
[-68.77509692 -70.05785703 -70.23350244 -70.78909875 -70.56353233]
[-69.33163776 -68.60427215 -68.32291593 -69.40906058 -68.48958078]
[-70.56726408 -70.15109773 -69.43676812 -69.81247097 -70.79622012]
[-70.30964599 -69.52822163 -69.55364667 -68.64774935 -71.47242643]
[-74.45166887 -75.43632062 -74.084511   -74.22881057 -75.63532839]
[-72.75645741 -71.25921195 -71.43972224 -72.92189634 -71.16155449]
[-73.02430502 -72.06775039 -71.61959014 -71.99294578 -73.47969917]
[-71.16891791 -73.03328968 -73.30113541 -72.43019952 -73.21488676]
[-71.86413613 -72.96406844 -71.73895604 -71.96082138 -72.12750079]
[-74.14464308 -74.90893025 -75.20919001 -72.39223602 -75.35738648]
[-73.6866003  -73.68609638 -73.46327616 -74.87872297 -72.74956105]
[-75.11954293 -75.26531934 -73.77846882 -74.63889134 -73.17117742]
[-72.30102415 -72.7051573  -74.15207333 -73.83176085 -72.50771356]
[-73.6597464  -71.8254717  -73.11214047 -73.68651068 -72.9582503 ]
[-72.85701056 -71.13690999 -72.67412021 -72.87986422 -72.91920017]
[-75.93452283 -74.43623358 -74.06188825 -74.30975099 -74.90701521]
[-75.0057867  -73.07865419 -73.2133293  -75.0657637  -74.15041163]
[-75.02749708 -73.63564125 -74.16817053 -74.40976123 -74.56851921]
[-75.27765833 -78.04532068 -76.55072612 -76.11292294 -76.86154985]
[-76.00015343 -78.60467391 -79.14228904 -78.44807593 -77.82762678]
[-78.05900158 -76.87264475 -77.0144839  -76.44316218 -78.05353323]
[-76.43043978 -76.22336245 -75.22955432 -75.62589052 -75.37967103]
[-77.72335858 -76.12266499 -75.89454962 -76.61188319 -76.84360815]
[-76.31811121 -77.87025343 -77.2033425  -77.41028891 -76.5587189 ]
[-81.35209832 -80.93100046 -80.5267985  -79.26487213 -80.44718472]
[-79.49259288 -79.3407996  -79.75599132 -79.90538278 -80.11370965]
[-80.49589609 -80.04299948 -79.68151504 -78.68103989 -79.38054744]
[-81.68885615 -81.14046945 -81.70800131 -80.45040522 -82.24705006]
[-80.79756324 -80.62207843 -79.8204693  -79.88703781 -81.42616906]
[-79.21095034 -77.8107168  -78.92394432 -79.34681769 -79.16806735]
[-76.62282532 -78.23148893 -77.80743467 -77.23535525 -76.86226201]
[-80.72595288 -79.86064877 -80.11247582 -81.08771217 -79.10928465]
[-78.74405721 -79.68175877 -78.12756075 -79.70263498 -79.1465663 ]
[-79.40989648 -79.32068017 -78.95343994 -79.15904227 -79.77531298]
[-80.51179784 -80.65697786 -79.31418754 -80.34663583 -80.24560432]
[-75.54531032 -77.15703442 -75.13755723 -76.8976046  -76.42527562]
[-77.6041602  -77.79775982 -76.70768006 -76.85847751 -78.80939001]
[-74.86038361 -74.20121068 -75.54329904 -75.02908968 -74.64364449]
[-82.31407276 -80.67874041 -79.93700512 -80.3463001  -80.01056925]
[-78.96116675 -80.00433514 -79.86012338 -80.39046549 -80.64470293]
[-77.45343635 -77.04849181 -77.93606271 -77.31975846 -79.2163866 ]
[-76.27404818 -76.60826363 -76.56125547 -76.66898766 -76.0744798 ]
[-76.31710137 -78.36366424 -76.08412626 -76.65572883 -77.54345176]
[-78.54406441 -78.64591962 -79.33346252 -79.6447237  -77.60284082]
[-81.17569963 -80.70963444 -79.6592561  -80.80663773 -79.96520856]
[-77.04998049 -77.48839666 -77.95324928 -77.84058433 -77.96582357]
[-78.49063695 -78.69885813 -78.7688766  -78.46442284 -79.5569685 ]
[-79.98366527 -78.05137539 -78.04083276 -80.372017   -77.5340441 ]
[-78.49859892 -82.06772092 -80.88555745 -81.49763244 -81.88112923]
[-79.91090589 -78.85058049 -79.01648633 -78.26917942 -79.55046131]
[-78.88881577 -80.48446931 -79.99587028 -81.83908468 -79.31736328]
[-77.46476491 -77.0953247  -77.90593497 -76.91077423 -78.80924323]
[-76.63396419 -77.18853801 -76.59503429 -78.80074733 -77.21145762]
[-75.76293223 -76.54263952 -76.52811202 -77.40324013 -75.61911309]
[-77.27350226 -78.71792078 -78.28382004 -78.92079556 -78.4125204 ]
[-81.2144725  -81.05895616 -81.93300433 -80.65982534 -81.34299125]
[-76.03721222 -77.02733136 -75.76527997 -75.89949409 -77.41496396]
[-79.72914072 -81.2913966  -80.2114182  -82.4485788  -81.75962693]
[-77.7329121  -78.54380606 -78.48866865 -78.28844379 -79.40748504]
[-80.9548509  -81.33623556 -80.39092151 -80.33356859 -80.20424311]
[-81.1288164  -81.94997131 -81.18560968 -80.83152866 -81.67331818]
[-79.79313108 -79.1046579  -81.16073155 -80.18709215 -78.62493576]
[-82.19810029 -81.87319092 -82.50415498 -81.9985979  -82.47779377]
[-81.93582196 -82.62523714 -80.38626343 -80.61625191 -80.17728673]
[-83.89014103 -82.78478085 -82.18284334 -81.8336812  -83.46807899]
[-82.59938402 -81.39632501 -82.97211853 -82.16312957 -82.68173272]
[-82.14127564 -82.72510386 -85.11340105 -83.66860495 -83.69480548]
[-82.82907442 -82.34761228 -81.42111266 -82.42158842 -82.63191076]
[-83.45844338 -82.6951528  -83.82181293 -82.47257022 -82.77651979]
[-83.13309421 -85.38667456 -83.90992551 -82.64796957 -84.27844176]
[-81.46492159 -82.56283744 -83.03007388 -82.08744682 -82.06144033]
[-83.58358163 -82.85144793 -84.11900127 -83.20579204 -83.87855563]
[-85.00561748 -85.81982291 -84.7069667  -85.22166024 -83.70043768]
[-80.47287136 -81.34637075 -81.0471933  -81.00763831 -80.63901347]
[-81.61909841 -80.84640369 -80.55260301 -81.83988159 -81.99149811]
[-81.41568013 -82.4732202  -82.77083958 -82.3131161  -81.70441635]
[-79.64922192 -81.22103005 -79.55372527 -80.10441419 -81.11983049]
[-80.27307597 -80.71260761 -81.00068708 -82.44713187 -81.63571575]
[-81.44501843 -80.80535861 -82.23028033 -82.60143436 -81.82128246]
[-79.81603308 -80.37193356 -83.52880556 -81.79624262 -81.355832  ]
[-82.41904305 -82.64523238 -81.19722547 -81.38518799 -80.99368829]
[-83.50299678 -83.0172822  -83.03750142 -82.50962274 -82.67284815]
[-78.83936564 -79.85373965 -81.40014449 -79.55531327 -80.17910532]
[-81.25746361 -80.49681449 -81.45509941 -81.49526456 -80.88254684]
[-76.60753416 -75.8898478  -76.32117951 -76.34875004 -75.39770915]
[-79.02150442 -80.63052721 -81.11984731 -80.78681785 -79.29640576]
[-77.33327539 -78.50376221 -77.57047114 -77.3173209  -76.89122117]
[-76.32906977 -76.6450663  -76.3911074  -74.68713182 -75.64975134]
[-82.28207051 -82.09845742 -81.09090564 -82.61267595 -82.10479523]
[-73.69615094 -70.94090221 -72.95089508 -72.29909957 -72.42083218]
[-73.81657625 -72.42992674 -73.33315867 -74.1113774  -74.26528255]
[-74.44488982 -75.44817302 -73.85130646 -75.14661865 -74.54378048]
[-75.31589315 -73.93976318 -75.87405383 -75.63571146 -75.97142546]
[-75.14870667 -73.69425404 -75.3661252  -74.76534455 -74.23123895]
[-71.28070953 -69.11952094 -69.4981785  -69.84264973 -70.53862034]
[-69.08409665 -69.32053258 -68.86210181 -68.25400647 -68.12032672]
[-69.66596787 -71.39268031 -69.96027838 -69.58864893 -69.62137187]
[-67.12910539 -68.38189152 -66.78341941 -68.64161941 -68.37104097]
[-71.05660055 -70.76563075 -69.45259334 -71.17652492 -69.89120167]
[-70.36620808 -70.42060807 -70.76605315 -69.68778531 -71.31093946]
[-69.02526951 -67.31022617 -68.35648603 -68.09475143 -68.31240005]
[-70.19896619 -69.20222455 -68.27972353 -69.55638296 -68.68647619]
[-72.04304938 -70.22671974 -69.76139833 -71.07790521 -70.91173306]
[-71.19406347 -68.95959792 -70.34135256 -70.50631922 -70.68354183]
[-67.06920211 -66.09819481 -66.2349762  -66.91488718 -67.42916731]
[-69.40337652 -69.75128365 -68.61172557 -69.8162071  -69.96541005]
[-65.16389288 -65.17034482 -66.11257918 -67.37165453 -65.50877401]
[-66.00563797 -67.58366604 -68.19896151 -68.45918678 -67.77965688]
[-68.72989878 -64.81511383 -67.15847187 -66.65923162 -66.77998178]
[-67.6284637  -64.80847145 -66.65951589 -66.70853664 -66.77900582]
[-67.74658009 -67.40657964 -68.3242775  -67.08228077 -66.58205228]
[-65.93799788 -65.73089724 -66.595761   -63.81677924 -63.99866399]
[-65.67134624 -67.16952367 -68.47744261 -67.69246029 -66.38956897]
[-64.79444713 -65.19992399 -67.26753655 -65.26257876 -65.04357172]
[-63.87185387 -64.10748603 -62.91181038 -63.24326747 -66.01662781]
[-62.66403046 -63.40875663 -62.22886622 -62.68196582 -62.24592038]
[-61.78663039 -61.82378065 -63.18775189 -61.9713671  -62.98682917]
[-64.92090949 -64.64532033 -64.9502827  -65.7843706  -64.62792455]
[-64.07361508 -62.3701534  -62.73425089 -64.35577391 -64.36777031]
[-62.63809416 -64.20394359 -63.151061   -63.20749097 -63.24715025]
[-64.92898762 -64.11452358 -65.11971514 -65.35862513 -65.34402443]
[-62.65362843 -63.33327665 -64.84432228 -64.7482239  -64.105321  ]
[-63.62421331 -61.48788196 -63.81430663 -63.37909405 -64.33843513]
[-62.77827721 -63.35573372 -62.57447875 -61.29331834 -62.08333763]
[-60.8892953  -60.1968962  -61.63068489 -60.72596806 -59.71768747]
[-59.82152497 -58.31610796 -60.50996519 -60.38906986 -61.01982825]
[-58.62527594 -60.30192634 -61.11546919 -59.37700111 -59.35131139]
[-59.43505159 -57.36534989 -57.80913148 -59.69342276 -58.07835402]
[-59.61406922 -60.72193513 -61.0799928  -58.43636255 -58.39886061]
[-58.2564146  -57.9835274  -59.05538859 -57.71637798 -57.98367699]
[-58.71077494 -58.03101625 -59.27899869 -57.21844501 -57.65946751]
[-59.05264364 -58.65108233 -58.16574939 -57.06778431 -58.14854015]
[-58.03134744 -58.18349891 -56.78369223 -55.64546186 -56.8358617 ]
[-59.55075073 -59.42114592 -58.46221914 -58.80116121 -58.63448741]
[-57.70120411 -56.72766302 -56.99249203 -56.51239276 -57.22313946]
[-59.13682465 -58.04457408 -58.40043689 -58.46067984 -58.52936467]
[-56.60724328 -54.91105245 -55.39483234 -56.30966845 -57.47551845]
[-58.77256569 -60.43964038 -58.84806115 -58.86606821 -59.28180802]
[-57.61418592 -57.59589587 -57.30555172 -56.75189077 -56.33307241]
[-56.5182431  -56.15961153 -55.27823729 -53.97031091 -55.13235829]
[-58.0579647  -55.97453412 -58.81935059 -58.78580118 -57.08223027]
[-54.37288113 -56.07633785 -56.18492724 -55.4838469  -54.99566177]
[-58.28047213 -58.88989532 -58.64956684 -58.39804583 -57.65714987]
[-56.98185755 -57.13222968 -58.86306687 -58.62939867 -58.10658269]
[-56.51658105 -56.47153107 -56.00378196 -58.36460266 -56.51717131]
[-56.31017266 -58.27916901 -55.87198772 -55.36854129 -56.05921113]
[-56.45824854 -58.15506934 -56.45726538 -57.36031791 -56.07058748]
[-56.91095614 -53.35284892 -54.91356792 -53.90651871 -55.58460255]
[-57.03314817 -56.45407283 -56.40115413 -56.92325472 -57.55872946]
[-56.30932526 -56.1202573  -56.47517285 -56.7823732  -57.15746429]
[-58.19451476 -57.69646896 -57.69654308 -54.68043629 -56.17523657]
[-57.40116495 -57.62673827 -57.02852247 -56.3267533  -57.44696141]
[-57.46266155 -58.15460216 -56.32376346 -58.27551903 -58.75221875]
[-57.03611801 -58.10996799 -57.66775788 -56.877915   -58.53324759]
[-59.49092168 -58.59673401 -57.4362562  -58.18696846 -57.63563872]
[-56.94538493 -56.66050943 -55.43821213 -59.11619568 -57.75446379]
[-57.76945563 -56.28955509 -56.15803837 -57.38029129 -54.98811215]
[-56.07685027 -56.08578595 -55.62683914 -53.8244881  -57.89258253]
[-56.45019674 -58.40478797 -58.08817706 -56.83969378 -58.49494384]
[-56.61211721 -56.44204496 -57.50593221 -57.58409199 -55.07970441]
[-56.08737169 -56.52849578 -59.35197193 -56.26085209 -56.84174629]
[-58.14908739 -59.79190061 -60.70617799 -57.8861566  -58.53926921]
[-59.45614657 -58.70093404 -59.68683325 -58.20066123 -59.85538469]
[-61.00039652 -60.3078473  -61.40061097 -59.27714743 -59.78247072]
[-62.36741005 -61.8489732  -61.3686152  -62.02445521 -62.47389763]
[-60.8510994  -62.25399028 -60.98596144 -61.55474375 -60.5857707 ]
[-62.708825   -61.07776669 -62.13424386 -61.95017638 -62.14184228]
[-61.63065736 -60.0771224  -60.43602644 -60.66742365 -59.93833495]
[-60.36564694 -59.28926794 -60.24749916 -58.27645059 -58.62780522]
[-62.16798215 -61.50572058 -62.50139683 -60.9535822  -62.70049243]
[-63.24292788 -62.01663509 -61.55577295 -62.26193482 -62.54626629]
[-59.64007814 -61.83841996 -58.92738529 -59.94042455 -59.07330764]
[-59.47450199 -61.6580681  -60.0773437  -60.68404687 -59.96286642]
[-63.56903257 -63.91511891 -62.4326747  -62.68492025 -62.94917175]
[-65.81948883 -63.79016198 -66.43069825 -65.24284517 -63.55660826]
[-62.97491144 -62.97924534 -64.54063353 -64.66840845 -62.79099479]
[-63.17097859 -64.11895472 -61.90037236 -62.24334817 -63.5535337 ]
[-62.63449613 -62.70053268 -62.98064194 -61.20031226 -61.34941818]
[-63.64085839 -63.61687613 -62.31189248 -62.76986283 -63.65826477]
[-64.15905706 -63.41998064 -64.60120461 -62.65520028 -63.87502089]
[-63.3576963  -62.96808671 -63.26960175 -64.74588556 -64.73004126]
[-66.85582775 -65.48085904 -63.51702536 -66.28788875 -66.91048125]
[-66.54554474 -66.22990223 -64.93487917 -65.34596253 -64.16950044]
[-65.5960716  -66.41124081 -66.20714859 -64.72800225 -65.44941869]
[-66.88762025 -66.14573623 -65.65375708 -66.52155239 -66.28517564]
[-65.71058851 -66.39836286 -66.03774502 -65.30885106 -65.31166012]
[-66.45354589 -68.81524654 -67.15247466 -66.65928039 -65.5708624 ]
[-66.23407962 -67.20871151 -66.5497865  -65.61696151 -67.32962473]
[-65.90009497 -65.61891147 -66.80386841 -65.94598715 -67.11626843]
[-65.33459979 -68.67518642 -68.72514835 -69.15721527 -66.08896197]
[-67.19540285 -66.09665852 -67.26064578 -67.88116144 -65.94759433]
[-65.1656883  -66.64371887 -67.16150272 -67.45806759 -66.21496011]
[-66.37629564 -65.34428164 -64.69045442 -62.56180021 -65.63353093]
[-69.09025568 -69.15721043 -70.8078381  -68.96255127 -67.42093657]
[-66.38244205 -67.01284234 -66.29147362 -67.96308644 -69.14098929]
[-67.55792485 -69.09202683 -68.70992855 -67.82075904 -69.70058148]
[-69.14905925 -69.62406232 -68.99281655 -68.88281784 -67.26073802]
[-69.39879113 -69.96499733 -67.28146144 -71.11284815 -69.68773002]
[-67.7221462  -69.14942417 -69.02085066 -68.69454857 -69.26444676]
[-70.66494711 -72.19731949 -71.49299201 -72.65593349 -73.46929709]
[-72.15574452 -71.67277507 -71.76494075 -70.45211179 -71.60284848]
[-73.42213553 -73.23428186 -72.60004831 -72.79270686 -71.64676564]
[-74.30549246 -74.4379495  -74.33130086 -72.62432315 -74.57601264]
[-71.87293816 -72.35305961 -70.42270683 -69.78322979 -71.16082052]
[-75.10396192 -74.38793773 -73.98897775 -74.57338901 -75.77513829]
[-74.81498511 -74.41755109 -74.22363133 -74.90313741 -74.02400629]
[-72.55956732 -73.79963826 -72.67243734 -74.16488689 -75.30395755]
[-75.40918309 -76.13325687 -75.8390819  -73.83474977 -75.99972573]
[-73.08094287 -73.79101098 -75.3205175  -73.90771944 -71.82901105]
[-76.15334476 -75.96487597 -76.77114099 -76.50074358 -75.84821608]
[-76.60894889 -76.20444    -75.74819558 -77.11197326 -77.13881534]
[-74.60543236 -73.34314006 -72.92899455 -75.02483198 -74.15607055]
[-74.41505571 -72.50589608 -75.99600425 -75.1523904  -74.70168908]
[-73.04156638 -72.95852    -71.59695682 -72.4811136  -72.58217339]
[-74.07041849 -74.07416342 -75.29290104 -73.8258153  -75.86091356]
[-77.12155544 -77.66356978 -75.89891418 -77.42617422 -76.71072313]
[-74.26544903 -74.65903586 -75.89222183 -75.00324823 -74.38937882]
[-73.6223176  -75.62317654 -74.7454964  -74.44656569 -74.64108774]
[-76.21604723 -74.59712841 -73.86511202 -71.64292705 -72.74608048]
[-74.47210662 -75.28702071 -74.8340393  -73.11839194 -75.60723189]
[-74.45798225 -72.75809767 -73.72489774 -73.3957269  -71.67445109]
[-77.19178959 -75.62121952 -75.18383213 -75.05764377 -75.54438511]
[-77.24478273 -78.34525601 -78.38831352 -78.06526241 -77.54528045]
[-75.89647849 -74.9296529  -76.45486795 -74.32696092 -76.39600577]
[-80.86732385 -78.87842218 -80.18272397 -80.0992937  -78.45275905]
[-76.7516324  -77.91356999 -80.43474333 -79.54026906 -77.7911565 ]
[-78.96696209 -79.13517722 -78.24286039 -77.39580431 -78.50226579]
[-77.44573152 -77.66153382 -77.12625163 -77.82791139 -76.58371828]
[-79.01221761 -79.01992703 -78.21339746 -79.48716996 -79.53050564]
[-80.40609985 -80.3611795  -80.41095213 -80.74379126 -81.42315357]
[-78.77947113 -81.96373184 -78.79040891 -79.25316128 -79.43517248]
[-77.01287559 -78.97595727 -77.44989439 -76.97888627 -78.2817786 ]
[-78.79812084 -78.30511495 -78.12498017 -78.17688656 -79.11975886]
[-77.38220404 -76.06051306 -78.1661642  -76.65795578 -77.20018501]
[-80.13942546 -82.34123234 -82.31768178 -80.67959402 -81.56748069]
[-79.15339094 -79.34976383 -78.54145681 -78.96897355 -79.26060231]
[-83.54489156 -82.8982766  -82.08943066 -83.20324024 -83.47834747]
[-78.98541594 -78.27638991 -80.32428373 -80.01702094 -78.0616206 ]
[-82.81146145 -80.96773647 -81.9869905  -81.61761988 -80.48901522]
